87.97222279066273
92.2739389734695
132.5081361986919
143.4579592094728
143.4579592094728
164.96654012350672
119.60298765027156
128.20642001588513
136.78851695064455
98.07307130538352
100.41946195055085
130.14041012267043
69.1770595022789
62.92001778183266
62.92001778183266
110.23889579270725
80.12688251305978
74.89314021654513
104.61408838866471
61.987991668124785
76.84846575418457
78.80379129182403
85.45189811979814
184.5870722452478
190.02597677054558
149.64769598733554
102.51284887514032
96.2558071546941
93.90941650952676
108.76989059558656
121.28397403647901
160.7815498967958
122.41705412919471
165.82528106479043
109.01095579749938
144.70740132075048
125.56107362198705
118.13698737144612
67.45541576747277
72.3630242226687
147.618387213043
138.74431349941042
128.32692261818957
124.85445899111596
121.38199536404234
117.41730186559239
105.29428353222782
108.99301617024663
117.98751364338808
107.0376906326072
125.0266855788901
110.95511148087975
108.99978594324031
134.0279528250252
132.07262728738579
142.63138519063878
134.26202933808318
106.77809518161887
97.82093264148908
79.51716571165863
121.09496784577851
71.63585295027924
82.3284001789038
84.62238238378931
137.02734172154518
126.935835860695
104.03588025338111
145.1781733783857
132.75785847272394
153.32900503522626
141.59318039264545
160.36430555398414
139.637854855006
85.71346656267781
69.28110453395696
140.22666979459632
131.1777689195678
128.58406880581543
108.6397483218931
105.1201623541421
105.05113200419437
94.10130899341348
83.81729660828175
98.26963782170328
98.26963782170328
104.4999716889715
137.8795679979375
120.02536532104871
145.6422648139761
121.93129729387908
108.42727207748167
94.92324686108427
137.36446896976184
86.28733506570087
97.86221382261293
124.1517224165311
125.71598284664265
100.47289740359813
108.29419955415591
152.95690169153522
124.80923418142085
97.4346766544686
86.09378853615982
124.02710396636508
128.75457734416995
143.61505143022973
104.11747556991291
94.3330302551873
104.8917881584403
106.84711369607975
167.37414064349076
146.80299408098847
132.44200497131706
97.50986929914332
116.14034165763597
130.08367250010764
128.1545260406223
100.83791231703174
103.55714819696883
86.85327064878385
89.28380431571252
87.61521286392237
106.3240490309107
76.72745951146793
102.0623418209313
90.47134489077426
113.54418623491974
113.54418623491974
111.58886069728028
96.21224436773565
106.91443636051905
138.87536481245746
112.37118024255732
106.19503013911508
107.75929056922664
104.26101665089965
112.33658121876645
108.42593014348756
109.39264445416453
159.7743924470546
84.69268521141667
77.26244816838678
133.3293739634304
127.85446245803996
148.1898480494902
95.08108207508552
126.21708038553444
88.28376495532919
124.65392345463944
116.43965004970215
94.2229071014035
106.30569712591681
122.6759287720316
106.30569712591681
104.35686002518885
114.0599588109718
98.02628940232836
106.93084734335154
119.37763855840053
113.89063310039003
113.89063310039003
113.89063310039003
67.26038731791694
98.54559592014807
88.37790312442296
95.02600995239708
98.89089573852029
111.40497917941273
97.02916186287422
106.77334736651397
98.49784654831679
100.44668364904474
88.36389362453144
108.63179947210214
112.52947367355804
114.91833547098008
90.67229880425096
105.14170778278286
102.79531713761551
73.38370803130505
99.58507023567363
81.20501018186283
91.51915083925655
87.2460658850697
107.65473462244492
109.61006016008436
109.61006016008436
113.91177634289114
145.0176647957636
134.45890689251058
113.34139108600458
125.64924528828001
125.64924528828001
102.57640394413454
121.64211211084111
142.75962791734713
119.68678657320167
121.64211211084111
98.56927076669565
98.97231441761663
141.5187539814367
135.65277736851837
123.21673895792252
68.64930013753987
84.23999694336348
107.6260421520989
204.94545264688637
123.21673895792252
91.92639086422535
113.43497177825925
65.84816614810362
103.2658384820803
119.31512861391732
119.31512861391732
109.1474358181922
92.32639606433935
97.01917735467401
111.09752122567802
114.22604208590114
91.03716820125426
100.00181886460284
100.52779717331636
118.35977231459474
117.18657699201107
114.44912123931584
102.52383124771167
113.47365425849257
111.51832872085312
118.55750065635513
109.55225695754172
107.59693141990228
103.29521523709549
134.18935873179873
113.16739400989601
135.62207113786732
83.72061350110843
99.7542829097519
83.72061350110843
110.54782503020694
118.36912718076472
81.21794196561524
102.72652287964915
120.32445271840416
103.25666429161424
103.25666429161424
109.12264090453259
109.12264090453259
92.93778321241382
96.45736918016482
103.49654111566683
94.26343196993682
76.66550213118181
94.26343196993682
66.00955652693044
97.68583023668947
81.65216082804601
96.12156980657791
96.62952734056475
138.3788848012504
157.0599529243034
103.27763416853887
88.02609497495119
96.28195991031852
68.12527216831049
85.33213689953762
83.37681136189818
100.91327074323557
118.5112005819906
120.46652611963003
118.5112005819906
102.86859628087502
95.85465865974261
129.13099830813016
105.6670918564568
103.71176631881737
113.48839400701459
108.11568686993814
81.02702879983597
96.66963310095154
118.33469163682066
122.24534271209956
104.25634776581666
96.11377278693337
88.29247063637558
100.02442386221226
80.4711684858178
111.89716532515679
85.01233698034932
71.3250582168732
71.3250582168732
81.10168590507043
85.61051991144053
115.60672287252021
108.95861604454609
101.91944410904408
106.61222539937874
116.70618698762809
84.24778306281328
92.46015032089896
90.11375967573163
78.58665201085294
64.50830813984892
102.83268867758207
54.7316804516517
76.63132647321349
71.24102637902256
82.97297960485923
157.0223410752355
67.74478261909867
88.83895621777758
82.97297960485923
104.46519955876482
116.93775700342371
102.51636245803687
108.42133278151985
111.85945456696612
101.30069666371311
101.30069666371311
80.87120653409373
91.82102954487462
82.82653207173317
82.82653207173317
142.50074378001418
98.36866464706088
127.30748260412469
114.79339916323224
112.67930953746821
124.80232787083278
90.38859840837853
120.14559374742898
135.00606783348877
118.84921322705951
131.78741927730084
135.69807035257975
148.2121537934722
135.64291002616264
117.31801029876894
62.67068806254208
80.65968300882498
113.90012912370408
98.6485899301164
239.78740009092954
149.56310185872684
92.39065811649303
115.72469273216254
80.9198981621804
109.07658590418842
103.99273950632586
89.09923189086686
172.2726449083092
101.11565147859878
92.58181853648028
88.67116746120139
102.35844622467751
123.86702713871142
142.86563971570106
113.92682175863726
127.22303541458548
55.75458153563125
94.47002718089229
86.6487250303345
82.73807395505561
94.48195643599992
87.46865334834584
145.44434571001406
120.02511372070126
127.70077638471955
123.39906020191276
106.58326057821353
106.58326057821353
123.39906020191276
157.42172455683914
81.58831252492769
87.84535424537391
121.4769534927724
119.52162795513294
85.49896360020658
75.84317800022504
69.97720138730669
120.0374146026666
116.12676352738771
136.60167468941108
132.6910236141322
79.25501310228307
102.96414946676984
132.66193134125976
161.0179277726212
147.9366368324771
95.60877438751282
105.46646800352799
94.90771010027498
87.86853816477297
69.87954321849007
125.41078848745035
100.38262160566543
109.37711907880688
96.47197053038654
173.1344363074769
144.9777485654689
114.8657352858214
125.42449318907441
154.36437028592638
135.20218001705982
141.81579881221086
110.06958810694486
164.81870316084937
134.45776378060077
100.8261645332023
132.89350335048923
103.36607843208864
100.23755757186552
241.42108610036047
180.35468251268162
106.13589500247313
94.40394177663646
101.05204860461058
101.05204860461058
82.67198855079978
105.90925991445887
148.1442915274709
121.16079910804656
93.2567330955266
79.96051943957836
90.16005059924711
66.69614414757376
55.355256029264964
103.45626425519535
117.68115441524603
114.55263355502291
65.66949511403675
89.524466673238
127.33867792976405
101.52838083292336
131.64039411257082
127.33867792976405
140.2438264781844
99.57305529528391
131.64039411257082
88.62323228450302
152.44278628754816
150.4874607499087
152.44278628754816
113.6638824903975
148.54205612970992
106.08848092388003
94.74759280557123
118.99362947230037
122.90428054757926
118.99362947230037
141.67540570891794
128.3791920529697
43.3689076971654
48.80737945703957
52.69200214266399
81.60013021230347
77.68947913702458
69.42270029375584
57.873309150122616
42.303810784500314
47.74228254437449
35.31148995037637
54.73460337849843
15.499914253691866
57.990228933395656
129.2633976723908
115.45647700797956
88.86404969608309
30.48911360765908
26.992953190597106
76.71612356658959
62.343019629779256
64.28533097259147
30.301483886024847
42.343814211460526
53.220757731208884
54.774606805458646
22.920700783338464
114.29020112764677
64.62493247160484
71.84994086955615
100.00662861156417
79.67124302011393
67.54822468674936
102.35301925673151
136.76674871918576
102.35301925673151
104.30834479437095
99.96452764085001
148.4566009743083
152.75831715711504
163.68722417539874
173.85491697112386
123.40751810002614
151.56420584203417
174.90218859564945
108.30135572961369
100.87111868658378
146.50356464457192
101.14001217133676
154.8811313500418
162.31185490814767
70.41155463909371
110.44082335212214
90.49650286819978
144.15382109196807
107.00263587681859
132.22214476278617
45.719838354161716
49.99292330834857
58.46956971716783
73.23113592254059
114.29814419508484
75.66449601752618
235.6862632339725
132.66084701149603
159.6443394309204
159.52583954608818
142.31897481486104
41.487827305154056
62.46478980752588
40.85538299015933
69.60159086377998
58.33618507546918
42.79769433297153
165.4074652292549
89.48814963679494
133.28744167991854
82.84004280882083
145.69221594960052
149.83471839332006
283.52253307828465
130.6725281244535
162.3488018342125
121.85870440046835
172.4147557236911
123.76994542134598
108.90947133528618
140.41108551982703
191.5687168271764
71.43118220294508
103.8895861277599
146.92965300405692
105.84491166539934
87.45576691114205
123.82482191123574
161.758137341441
159.88077897114746
96.01847033743299
139.8177623805566
98.36486098260032
129.80094243427197
111.14915400615868
113.10447954379813
121.70791190941169
130.31134427502525
106.77867559518029
97.78417812203884
100.13056876720617
101.44410161549216
57.10630926335603
41.95628078942082
59.99178501976964
103.49955909876306
46.78406788864663
32.1047776581054
47.64326840060305
32.1047776581054
60.462523263163604
135.10813986687998
135.10813986687998
137.4545305120473
115.35850882646477
145.01198705498334
143.05666151734388
145.01198705498334
87.80699624766491
117.91900952731238
125.82415016078836
116.04752247259113
127.77947569842782
134.59491353562765
136.35708039900885
107.02719733441715
96.85950453869204
138.3124059366483
126.58045271081163
112.8931739473355
126.58045271081163
230.4488096024256
154.74390362781895
64.21044856035759
42.701867646323684
77.50666221630583
69.68536006574804
63.3214670030762
112.62488746580716
108.71423639052827
110.22797196804265
103.18880003254066
100.84240938737332
110.22797196804265
94.55237746076592
112.93243751457672
102.7647447188516
398.95364632034796
112.91020439610558
129.33493891227693
256.8388797211715
142.96957934549746
112.4665009583221
112.4665009583221
116.18904023611577
163.3530589303974
122.62048873463532
110.88853550879864
127.31327002497
122.62048873463532
110.88853550879864
122.62048873463532
109.75531658427404
181.7653772470444
109.91692870547638
93.10112908177715
70.46301990797619
91.18947060695433
72.41834544561564
128.53388007342417
154.34773044763438
138.7051261465188
81.23654717206394
93.75063061295639
121.12518813990864
83.19187270970338
68.3313986236436
74.58844034408982
95.43071289155071
78.2238481603236
118.15861381896586
94.54683173805869
57.71319015074086
60.524167383132315
96.82532967801892
86.65763688229379
86.65763688229379
74.42545538486313
76.38078092250258
94.36977586878548
80.29143199778147
88.80855682414831
67.76506405147859
90.83790539562405
90.83790539562405
127.6678320410359
88.8717021728497
65.40779572117634
61.707944625728814
95.33954387312728
120.3677107549122
212.28496616959126
153.12054431081353
148.81882812800677
110.88521367033536
231.04652642579788
326.488770342618
151.55598485323583
56.93790797184429
58.893233509483736
81.18394463857342
64.75921012240208
81.18394463857342
85.09459571385231
121.14683924994068
121.90628115772633
107.45956048646455
115.28086263702234
97.29186769073944
95.33654215309998
80.84221745992066
92.57417068575734
213.10390265718104
125.5775641577068
119.71158754478847
131.44354077062513
33.29480818334423
52.456998452210804
31.339482645704784
45.02676140918091
94.12536772443444
95.25924543946309
78.83451092329173
124.10539522407478
155.39060382630592
169.07788258978206
113.13411851695345
106.48601168897933
137.77122029121048
125.73466691136393
94.0583932016049
107.74567196508103
121.04188562102927
136.57656133107827
125.23567321276947
138.5318868687177
103.33602719120768
131.88378004074357
123.20707549439676
123.20707549439676
88.77012420453408
86.93132339935309
76.76363060362797
66.59593780790284
54.86398458206617
93.20537275011198
103.47948637356245
89.79220761008634
105.77498225010432
97.17154988449076
95.2162243468513
120.16033109887582
115.85861491606903
118.81798886820937
108.25923096495636
95.35408241653602
168.4969888136221
198.75426684673158
191.59823428299217
139.55344744903272
97.82220874753858
72.82425738756395
85.3383408284564
76.30262866306013
120.13703089407291
84.12393081361792
68.48132651250235
59.61244535825692
53.74646874533858
63.52309643353581
99.15294406229928
87.81205594399049
76.08010271815381
55.59178671602849
104.08386004948674
95.86308252948145
71.22422558599763
86.4757647795853
77.09020219891596
120.40026267105888
71.22422558599763
119.34815186718424
82.9561788118343
116.97884316676067
52.358094951682084
79.34158737110644
37.10655575809441
99.69992628940399
115.8857142123239
140.13175087905304
203.9459462124505
146.38879259949925
85.97990938011785
85.97990938011785
80.46907378537367
167.91266681545537
172.52125465709395
184.84260375547998
77.14582046061962
101.12571921189699
182.91330243468755
123.02536523345879
106.99169582481532
162.77492958304862
110.01027169541717
191.3833549523441
135.07951017052423
129.17609959580253
116.27095104738218
90.58733900938414
129.56914733857673
103.4924875578045
69.46982320287813
63.2127814824319
84.33029728893791
60.86639083726456
75.72686492332436
45.7037970027355
102.01717248675155
60.1732059812674
72.68728942215985
93.80480522866587
53.570407454910466
105.58206675611974
63.73810025063559
96.97863439050617
53.570407454910466
68.97662407713733
90.72159267005995
76.25218369152805
129.35696721160517
56.61885721141777
83.60234963084213
59.76426970308153
35.127167928824505
115.90772898601628
82.4460459396991
78.9264599719481
75.01580889666921
77.69781033445827
123.56612186995427
73.78715925917938
82.39059162479293
109.76514915174518
83.44775879944022
83.44775879944022
122.55426955222914
99.87249331561156
108.08486057369724
165.76995381486893
141.91498225566767
153.64693548150436
134.4847452126378
148.9541541911697
126.2843780020831
116.11668520635799
84.04934638907106
118.46307585152532
123.15585714186
149.35721934622856
85.85097599275066
125.03131781883762
85.85097599275066
427.9702493441705
97.19186411105946
118.70044502509336
345.84495107049315
148.1216226942
123.87558602747086
105.88659108118796
133.26114860814022
107.45085151129952
137.5166868496426
131.5344299083063
113.36158879023655
135.65229991932625
135.65229991932625
135.65229991932625
120.51162742636336
86.0978979639091
90.008549039188
133.52242870811202
111.25730165541334
99.52534842957667
146.4093545364571
44.653792092335514
32.530773758970945
93.80150520212092
60.95203616977823
56.56788647744749
44.83593325161081
78.85859760653717
94.11013680012485
105.9314349109291
92.24415614745297
109.4510208786801
182.90902480797473
77.54904378943773
102.18614556369475
130.09666144549254
89.42589026259206
88.57238547115682
94.82942719160305
84.66173439587793
180.96216978650463
180.69200750931532
241.60784489918876
118.65438924793963
209.5345650470641
133.8932860887553
125.86544880362095
149.8426498390208
139.94379267462497
111.78493235777069
132.12031794922092
141.89694563741816
169.04542204169263
119.21516940080059
136.8130992395556
184.17636650548283
179.7226443519885
100.51917313298574
100.51917313298574
147.5279594768786
145.60217851147127
141.3004623286645
101.80288646834768
215.49775469053088
100.07427345133809
113.7615522148142
139.43750442606924
255.270937038088
82.20537057861041
75.5572637506363
71.25554756782951
73.21087310546896
75.5572637506363
119.0919993932477
101.49406955449268
101.49406955449268
119.0919993932477
106.5436155876875
142.14428009157044
138.23362901629156
133.93191283348477
165.9992516507717
129.630196650678
129.630196650678
116.72504810225765
65.53532482169868
78.04940826259114
86.6528406282047
67.88171546686603
90.56349170348359
136.6290401177362
306.252372455232
146.7967329134613
73.20766307332798
93.54304866477823
95.88943930994556
93.49570525080027
102.54127308362754
91.54037971316083
101.70807250888595
69.24966858407115
130.39406884440908
110.84081346801462
89.3322325539807
106.94169538810532
98.33826302249176
90.12589576440608
117.7926293570148
119.74795489465426
109.58026209892913
126.00499661510048
115.83730381937536
113.88197828173591
84.96745088804828
84.96745088804828
118.99011524297464
75.19082319985104
63.91177892932781
66.23924489050458
48.641315051749565
48.641315051749565
74.84267725611815
57.50828763722293
74.84267725611815
80.70865386903648
42.834603565195714
98.39159838999319
116.77165844380399
108.9503562932462
102.30224946527208
90.17923113190753
67.49745489528995
132.41426274491957
108.9503562932462
121.85550484166654
117.55378865885977
108.9503562932462
108.9503562932462
99.51660660725807
126.10903391915454
88.95784870400506
97.97084949399813
103.83682610691648
112.04919336500215
128.08286277364562
125.49320002147645
93.42586120418954
101.63822846227522
211.32048624181058
118.2483572524278
108.47172956423057
102.47068057121697
113.91936938565051
115.20583885023127
87.18255215979868
100.41598239249934
96.50533131722045
144.92286787012847
120.95570817028891
108.23728454305713
89.06198501063103
95.31902673107726
78.50322710737802
82.02281307512902
70.68192495682024
80.06748753748957
219.25109366428558
109.90793003838162
115.38284154377207
100.52236745771228
105.99727896310273
73.90423144865743
111.05541666380691
127.08908607245037
113.01074220144635
80.55233827663154
111.05541666380691
133.3461277928966
82.85803125320408
88.7240078661224
92.6346589414013
88.7240078661224
90.67933340376186
100.84702619948698
88.49544064371176
132.68579779436322
126.8198211814449
142.51829786712977
111.56828198785722
128.77514671908435
97.29334963153549
96.40380921183544
128.47114802912236
122.21410630867612
109.30895776025578
106.96256711508845
102.03891302691518
108.6870198548893
69.18944399457249
107.97777450838329
78.1748749783393
117.68151732803075
117.68151732803075
91.08909001613429
119.6368428656702
118.01549797479927
150.86062673125534
104.32387893543651
127.00565517205409
138.73760839789077
95.4669757415563
102.50614767705831
77.4779807952734
83.73502251571962
109.5453196125603
95.43734762019295
106.77823573850175
122.24105522564771
92.52010705352814
78.832828290052
177.1287276459206
119.89466458048038
79.74229153658489
124.32371379476426
99.29554691297935
114.8178139226294
123.81231139577085
111.71646281853691
123.4484160443736
116.40924410887159
177.8064659907502
104.47526028939951
109.16804157973418
222.19012361949117
102.12886964423218
139.67111996690954
120.89999480557086
123.2463854507382
127.93916674107287
109.16804157973418
156.0958544830809
116.20721351523619
214.82085693519056
281.28228420586765
220.7366258933269
91.56620591538946
106.81774510897715
102.51602892617036
132.18054647229036
115.4211774745907
177.83477316109705
107.12523683231075
91.0915674236673
137.22539878622106
82.48813505805373
121.18474598557115
136.04522007163095
115.31876937265282
102.8671443418883
132.9791576215358
178.64367135677836
248.23464898545922
117.7276184279481
111.48896548077732
95.84636117966176
109.92470505066578
192.44109016504478
82.15908241618564
87.2429288140482
240.53335685543016
114.03907546885266
119.51398697424311
115.99440100649211
88.34416214568192
81.30499021017991
86.38883660804247
119.23830564038516
84.82457617793091
94.9237408999858
112.13060563121293
214.0146800175993
285.28880595185126
86.32030853437224
94.9237408999858
192.19665231009517
218.59717341453958
287.1865225563502
203.40205956681626
140.64654169604208
102.57751107797863
104.53283661561808
81.45999527147261
134.30992721447114
68.59279701201982
95.18522432391629
135.3285768634661
82.53478734720107
92.3114150353983
106.23346515690196
75.33932166219871
155.76244394296495
112.88157198487608
103.9628281300829
95.75046087199722
110.61093495805702
129.01429433035221
132.2816843012275
133.75853500464842
158.28716938047688
206.05017050251323
116.4615544018953
91.82445262763828
108.24918714380964
112.8576962034665
103.76648693932097
138.18021640177523
109.63246355223932
105.1823662377883
64.51159505488782
77.02567849578027
125.51775182923855
123.5624262915991
98.92532451734208
182.67788859016426
84.84698064633807
101.27171516250941
186.45186426302246
78.40649387155464
99.13294457053277
117.90406973187145
106.9464813345292
113.99341865659255
89.74738198986343
99.13294457053277
104.60785607592322
97.17761903289332
68.140861918249
85.34772664947613
106.07417734845427
173.37759747214253
98.25287519789647
191.52719655671928
111.28266415189312
95.5920375473686
109.67038141837261
106.15079545062162
87.50182649379528
91.02141246154628
121.13342574119375
110.57466783794074
133.89051723694
102.52517738791266
195.43988936301946
142.83326805354184
115.35627335229641
184.29573888710826
127.78582275672647
162.86784471115115
156.13836060110944
127.78582275672647
98.85936244374122
216.39128987589325
77.60294940910704
197.89478688177255
198.86029059071774
111.09029240087149
208.6980256974006
220.7234795588831
140.631199524668
341.1458564730266
174.1241990446873
161.03423361641012
91.63780905484566
278.7940574398977
134.2306758901166
229.92086711497478
163.59162235679463
149.6830853025184
102.17302481655322
130.63374687352317
97.84714570689545
115.81276341644377
106.48120661579749
89.40348735308595
90.58316417592509
95.15898175215287
108.73540851052748
90.9874401515033
72.38522238218864
72.38522238218864
107.49666695128884
101.1225445258018
131.8253964038101
138.91422273519785
91.63894027507678
120.77131822234271
158.9904484170401
142.62172701118814
160.39738267901564
128.52477944168248
85.59262381884982
112.86268264600083
101.23641666391521
108.7702149344101
100.6566463247313
72.0796369039498
93.44224183938046
104.79850207264133
108.83137120464133
332.0631097502861
135.31819893986957
82.51102535509587
95.36879013247699
109.41648245356167
134.88312006101572
107.73734856521061
342.03947687373426
113.61798682952914
87.98288276232094
152.1079521149944
98.6525707853835
103.90671939833203
56.66724145964922
104.32016755433006
56.66724145964922
55.071606179998675
99.22615106631989
107.24786972922436
120.74893585209536
104.509727966573
59.17643599677139
50.66302140130168
85.01508129457378
125.09861488665246
96.20917119706695
211.8672363205161
65.05715616302207
66.52607458644219
98.5291379519327
56.66724145964922
56.66724145964922
114.21882880396176
115.75360415968056
58.03404627150983
94.50030983676326
108.73842476623935
102.08353244936315
91.16036680896129
95.2896498196556
123.31566759991799
100.29856127123459
103.13564853712302
108.89445941233146
192.99313807025143
105.5057468486659
106.92209667339536
94.54309268121862
106.70137664489681
102.64523404138832
18.689794227743153
90.42610176128636
101.79786742794981
107.8490895489534
99.08620229773021
102.6197929871082
95.90912948112144
100.63628200414009
115.62759021706121
107.45414821907292
96.3264857357976
99.0588038764831
76.28049864307032
103.42760691555124
135.12116622630057
55.20131696997023
142.6454708325292
104.50568257081345
123.59608736705383
133.79717556164528
94.54085468672818
56.11428249439403
85.54899068202613
136.93735957954013
58.03404627150983
92.62344400058784
94.27828598954086
107.49729987073746
97.94475421178538
54.0848819577486
104.09002504002132
176.15674448603772
92.65077000599456
93.20761133098242
58.32285543030459
331.93793566338866
69.54196846639154
97.95332383337151
98.55089822969249
202.4680507322603
107.70864673102226
93.86602748063298
99.34341187647158
104.25013853318383
106.44710721690097
102.6168040960346
153.05031713793014
96.73585995489152
110.06099734236584
124.43513176710262
116.22422965938019
101.33347989892698
106.06889864672009
112.00313601073806
108.98777652253116
161.62353457530622
135.7210141853295
112.94318783477974
57.662818959493165
103.95089261315289
72.03987490698549
109.47238951456238
94.42746297817968
134.27049978963487
176.43490892533197
110.1830797589807
101.75779336754611
110.08240349679656
105.8811698580509
154.55989904542753
104.83866254377001
57.167999061312265
131.88047315158883
161.00129281386307
84.84929473670493
95.99811529445958
107.66147729570721
102.84659147619678
105.15550139944162
172.15098974718538
114.22241319258971
125.35402259087205
81.0139372188962
169.61520067636465
274.3015818247609
84.07223786186171
104.54706377086211
107.56709888862234
102.91045207817129
219.63469786100634
105.80093018985619
78.00160224669806
119.45085910524882
197.68698558976047
209.15055451031822
160.73149568945726
100.07077600013416
104.20053466698265
113.5284520232276
84.67201301636766
109.26666332965127
106.15695470647316
104.46672786662492
108.54819000715783
98.69256323485533
101.93330687541139
114.8511698356964
89.77350077025139
100.82405421506772
100.71699982845638
103.96302790168251
105.4933043828891
105.40294558640619
87.45508907511204
103.29888461155
145.15181037291825
97.06854513923071
103.61652886419232
104.85935863778222
115.43052947148833
103.43758931133934
104.23785815161666
96.20608426482059
84.57864423425399
103.8679355500384
100.4587701174758
121.94492139801423
107.02618992239138
114.46413600356591
89.30863304810576
86.95213004129958
237.8750521938639
85.52157655201844
329.7233676619582
104.69578419221484
834.7170712353008
117.40862325594219
110.89686204749174
181.29345853037339
104.70966387425851
101.1796529488286
115.02372977663704
106.41644838121636
291.700324886333
168.28974831738483
257.00744103299735
277.92749729959917
111.91818969189747
121.45134973261237
84.4013975820605
74.64764543040023
90.83097408824908
78.04096083741315
83.67823325966738
103.29888460773013
84.57864423425399
97.70996572961567
97.48687283996836
340.9311852574171
114.4014393333371
94.52536888101722
115.06717402307545
98.12940013687786
103.29888460773013
141.78243692175528
116.53465989348595
103.41967313103322
208.74584601831378
103.45993597340755
99.41411584010734
146.4565073280972
84.05212743244783
188.30060058138994
100.91893174895782
113.94113930807102
104.23785815161666
84.30242396757993
103.41967313103322
104.04385760285496
104.20849815912808
103.52928832466843
103.54226955093331
103.45993597340755
84.38641558505228
103.47188039226
103.91474274910654
114.83454650038652
97.87297928984572
147.12329515792464
102.9813753824926
73.93946310501534
219.83563179658123
105.47159977668001
84.17449886794552
74.07365420785979
85.5143142499708
83.94468723101691
96.5370928573952
82.10457880910697
94.73417736789642
176.57393175336972
82.55688256195099
107.94114380829734
82.80710238853422
80.20209546098867
113.7350252740674
81.20250251547354
76.46177064541625
124.23286808607236
93.07354788469661
74.68295874517186
365.66083489454144
80.31858890306177
80.87273138270471
130.98075950719186
104.06892984823985
80.59202428762427
80.89005607395029
94.22769983182006
80.59202428762427
80.5427107851084
82.6975143692276
80.8434044343961
78.67434552871991
80.59202428762427
80.19344063549572
80.13972053478025
111.0525087135188
98.60601905438176
79.84477267984403
80.50338342745563
82.03754241553591
81.33340219275077
81.33340219275077
75.2804322477102
80.14897264191254
80.59202428762427
80.91957818805146
83.29273622726188
80.98120950797274
93.56929363761076
80.61374053680976
80.49201235117043
70.35736864521773
74.7829706816257
182.90592809792943
80.13972053478025
80.8422441142075
74.13099714886623
80.20209546098867
401.11140885436185
129.9764498171294
80.26736342820998
80.84115633480224
80.50338342745563
80.59202428762427
79.98532261953541
80.20209546098867
80.23398311869987
75.3109195162074
92.43091285421188
69.66198204025812
80.3883205064494
80.20209546098867
74.13099714886623
80.50338342745563
80.30549514838931
75.3109195162074
87.1795559009391
80.42824733741067
70.35736864521773
80.50338342745563
80.47168103340702
79.23256303483072
96.53244216724933
82.87385156485036
80.01497068236344
92.53737881288251
111.86936581361448
75.81246501870933
80.50125195979196
70.35736864521773
80.00649354910549
168.61545168663653
80.20209546098867
80.2289555113464
80.37824136918375
109.7256788678161
80.20672151455481
80.00649354910549
80.13972053478025
76.11028200294852
80.13972053478025
80.23398311869987
80.20209546098867
80.13972053478025
75.81246501870933
80.2289555113464
80.73237783516448
80.73237783516448
80.37824136918375
102.23861635974849
80.49201235117043
75.2804322477102
80.42824733741067
80.23398311869987
80.98120950797274
80.20672151455481
80.98120950797274
-116.71783559413166
-67.72477813145386
-8.340720869605983
-35.518332617868396
19.37598571046871
100.24879675921146
74.86227855333921
-32.095729876321634
-14.795119887728944
-0.015474108530410861
-15.960490672187325
12.242405210036774
-45.381743652861026
-23.540059706558328
3.1375347874041366
-49.345798993590606
25.267510854561138
20.782238028743148
39.54158943835117
23.765913843970857
7.758534691581881
11.650916939944873
2.054056495242151
62.481546858385904
41.83113597538761
-31.975508195053564
12.773859581555241
-26.054448093150352
22.287547904331095
-17.360992646067107
46.08206449841779
6.570061462732517
-11.076056150119381
-82.583911513118
-5.102736595922637
-12.08443971570699
-1.753065265568626
11.60627031762591
-37.35770994632166
18.400495263744656
-0.11603846103077885
16.599956307968373
124.41451819219172
86.2588393248138
-18.013874281129098
-39.7610711561249
19.0158853231013
5.737383570714274
-58.21255009165519
-25.719935704330876
-24.800157986465127
-40.823793420723625
54.522166243320925
56.56983418029756
-12.94207654464394
50.510194320453934
-90.61765428196158
-28.41358945445324
22.612400706514844
-21.352131071753828
-43.78764673652862
-3.5072325643939797
-53.593765732044346
36.22092127302491
19.27683860129142
30.77072314877256
6.896083013117807
-24.578128500050287
-38.06247322768151
-18.858249081009948
-20.96643903874492
-2.921541140746074
-49.494468191350414
27.809374905133826
-25.46025214903922
46.677136828006894
12.054272547613769
23.522558226688094
9.544521840392505
103.76804905746297
-38.905682285989556
-25.455099201214754
-7.746648531860939
-15.55983445099677
-5.645720703096495
-13.233623048728415
77.55199127326618
-71.0007762245454
-0.22706334005544274
24.9080524643461
30.225514183861332
-31.21642836163834
132.6683462491343
32.60971113659101
-4.473360682216695
13.7527740027868
31.735688612286935
-25.766930781619642
43.75124258321758
-6.225046391866158
-42.937338220933356
-11.175133710536468
-41.819564650011465
-28.770642518365108
-38.895569471934486
22.920843957433817
-69.25065177291776
-54.31878435109913
60.82427343261491
22.185803796216053
52.29010316805752
19.189549430036465
-26.773343841509362
6.872210643320453
-19.15797889947747
-60.43411186316552
-2.2964465971176433
7.137519975291306
54.37723160732626
48.97957875260167
-28.1213748028322
-68.81669190716009
-17.700599501076937
2.369185316528186
12.710586045898662
1.3486082726558284
-25.42096912810241
-6.423210518080665
-35.09428950987923
-24.906009125243163
74.00107122150818
84.21018713272389
-8.199860992504547
-53.182298593351
-28.07460346737805
93.26454382530643
-70.43266703572705
34.198503942067525
-17.516098179047596
-43.65552601216519
-14.061611446303207
59.03864543226046
38.6509642696985
31.86680817399536
14.15864251948616
66.98039226996923
5.310466082580796
-56.41514640872847
-125.80625991338545
-103.75976653478196
-76.13002424284257
131.8156314694743
91.86517940984906
36.92812402812459
-18.83862148864556
-119.24051978305631
-60.486334768335134
-6.914893168641974
-3.0405434425402627
-27.02834102453116
61.19892233045746
-32.55357949713511
-19.870421852978488
-28.730594422464037
-15.935437702210908
-114.83256828823441
3.630711821802739
-29.285636904269058
-12.442830234796158
60.2368057613507
54.981592028605505
-39.96889792312252
-50.343621089053016
16.213155891167624
11.080546141410723
-18.56914936140928
-18.361565138764686
-5.668207347828632
-33.86340190768499
-10.27911180711903
25.96005779419564
-56.9767146149917
-15.423321580739652
55.05724152285457
46.709363947817145
-42.66005698487846
-13.926143442887172
65.49578602758507
129.82166833642282
75.77152039016859
-7.340610976679341
54.547662571427175
29.16360705795709
7.722311094594617
34.050804647073996
-21.676841183784003
-24.05296303100503
33.78708357191507
-38.65141284960924
-10.943411183008092
-23.392447190021358
36.93786386334566
39.20818917287672
-10.510687712111697
77.53274737948549
12.780802446746405
-28.138481960030298
-32.984430126319474
14.424732819983076
-39.57219542763613
-43.29285551085817
23.714886127504606
11.761312690122692
-11.954752690371485
86.23498788210767
40.68786894703088
-1.4349988414212087
2.45897131817925
-15.067125745790733
14.399010558833558
12.87538426251101
-27.95676579406551
28.56707326789047
-78.83868714194996
-2.223867540912809
-44.89912077217283
-93.22866590068413
39.89419859664315
33.40400234656935
19.946322985743198
44.036289847642564
115.56693105939637
-25.42401964641324
15.936909106130358
3.2426538749874734
19.02931467884104
-127.60878907343051
23.868907754032673
6.595131085214208
0.4524382290445257
29.191393276734722
53.83520280391595
-0.27079299788889866
-13.115142176306705
11.989189952801972
26.583417154435427
16.39199444704242
51.15351284288551
0.8614260246194831
-4.453471465772131
-46.37653379868962
-8.477203630796392
-12.282131000551837
-61.11613643495026
-63.83207724483027
50.91865379849252
-19.208937977684474
2.9375687786239517
-1.1725766545665888
-30.24752714657778
30.769437976587444
-11.32332931486683
24.11325314100073
-49.819442119408485
-92.74465931260325
-14.276935958228773
-29.36098404940644
101.3338351806357
-35.02410184085222
30.747263957415743
-36.43230999723309
63.20189452740645
7.508566943839948
-13.864447543773741
113.75816586257262
39.985135228484644
-35.8334356800899
48.127967930996085
36.06225121729821
39.11159603900189
73.11954497914219
55.47340333445281
56.48079048928852
-93.71010181121447
-99.076942335709
-80.25582353646477
-73.49994282314262
-2.928483511990294
-35.447086687479896
-62.572765348619534
-49.86640344565921
11.235481542230131
25.282366514261305
65.72864686721663
-4.843581894348798
103.15785961080459
30.0456281120152
-66.10088114123755
-41.994186940401725
5.925078202030483
15.997959759006038
-28.839766565586025
10.438261545040726
21.640284130806812
18.155442415376264
-4.060984324740665
8.773904065976675
32.972428202683176
-73.25976923897116
-32.53728018789901
79.76026299107336
80.29956653963845
-34.19726661385154
27.47160104208132
72.65548527291901
-1.7600150580517486
15.037955434941841
-101.33272548927926
-53.63210529133527
-39.18660012563412
-45.9047292060397
-10.537926043492089
-27.11900902075794
-52.97471323987649
-18.047721666514217
4.6732873878876475
-39.93555171254015
-11.02070392758394
7.176151162744629
-22.657864326675263
-81.37824941705435
56.11857892208712
217.65253840007412
57.15118240768876
13.245077884139544
74.06625226177081
36.76941948333223
62.412044420204104
17.66779556313997
-51.12057362084251
-97.67371523518706
-105.55170659495057
21.002453086314294
-21.20717916262139
-26.781931132515854
-1.5725793781937032
17.670060836969274
8.545408269951515
76.45633693130917
-44.13512676272575
-16.032483945388726
14.697330514977295
41.20072423136888
-2.6481364246249335
-99.70339527553074
-47.573393908742155
3.770979312451858
1.5930395663617043
-5.694870486874698
41.35996602214339
2974.675835918772
2467.612218575128
2839.6506558246065
2862.9192442835424
2338.6293228980894
1638.11527892273
2934.894629745444
2637.7848337861765
3544.2685046617926
3645.2149586509786
3024.637792828377
3347.5032848379797
5021.243209806542
4649.942367810763
3217.2042096823207
5085.89863455575
4819.735681757813
4859.105680621458
4009.5736525162993
2640.727669950021
2429.241418495538
2311.35034285355
1624.6808260659454
663.4980398003954
412.46559134163994
223.01564522919037
448.5977830166185
219.1908103384756
109.43319203521995
