68.47823306179497
31.141608246195148
71.60668247157743
40.9255234897904
75.99694207396165
42.44536077773129
86.4600019714692
46.732254101666506
86.4600019714692
46.732254101666506
107.97833636585159
47.18630588107943
62.84487118726165
44.16125891781947
71.5878069606793
43.22444445023318
105.53706596891186
26.824417507947498
65.17683987104722
39.42834645722177
67.65030852660765
38.438525474568486
97.67511430915741
36.67090956952988
55.91725427659681
31.925628572833578
48.81910817412201
38.70750370935885
49.346449346151374
34.3580335674365
96.7922532481985
34.48705345376047
67.35966206501604
28.13493449034157
58.67978930791029
49.05726865885294
90.58795641913636
31.755830818377373
44.39770162400451
60.09345996020329
60.84145912507338
47.4039473367519
62.40045331706005
50.72144903399069
67.85170247610883
60.75824904976761
186.00443107975664
34.86072351410383
193.2874287095101
35.34321234504937
104.38014883097243
32.336291540461644
88.77378440481118
27.85275494195341
81.82630720863048
33.39192432364373
79.65417636565827
31.896333796627093
95.34458933525661
25.420349947350484
107.13017903950056
31.73989175165925
144.79928687568957
47.802490087649545
118.24705108240728
23.81667320556659
160.23949855292247
36.57262889735481
85.522436942577
61.68027149453827
123.42865124606341
36.31876808986815
104.62549849823327
33.01221622391673
97.35138102013117
31.590680817946765
29.145712403955642
44.723944892343184
51.54512083485871
34.06413607036043
104.83754433527224
38.749177857325066
95.90437539169504
39.01516862451268
85.74173262495873
36.65243443309575
82.67722540918477
33.198788760901714
78.64359707399639
37.74334591387285
88.79758031302934
40.78214261252519
78.22780288494737
27.669866618654442
90.81735941584269
36.546624700880436
99.94742848080472
35.65195769532442
88.58035514553255
38.82129890039895
105.78581093139789
45.730905173131625
101.35388827899509
33.68230190385521
99.41822182127315
33.47156459370382
125.7014415430549
23.741944615292116
121.50574149092141
42.171793627665075
131.43099919059048
47.659245244404964
131.54627744114046
30.06312377590015
97.61715011969454
30.96892705843706
88.22464941466235
34.337290873800406
69.12922342691249
40.41246903990111
104.55455831793539
47.14549104538553
53.94205104115759
55.4292498299651
74.0088019869885
53.364274051047765
75.7586974790066
28.03694252750202
151.71440897951138
21.95237769017936
139.85248778194486
36.30818697600762
116.65963211405582
38.15402919359706
158.8092569816865
30.868269301523014
146.88890224881737
26.433596635640036
166.95263355778147
31.132952944659714
134.01140744240425
44.836126192017986
154.92917348409338
27.597265169529557
133.58243004762335
32.19833133351702
55.545469849546095
49.56827132248837
33.67176965538682
52.73102175446734
142.7242915184294
36.493755528720044
134.21392533185403
34.43083615722974
114.56807177117375
40.37473381846191
93.4682537457631
49.40956504843228
89.23070959039312
55.24376666433455
97.97956308344108
40.10188087859263
86.4618208418748
44.51392783850212
66.7596457703985
34.52815329414881
78.61953689683982
33.495506758291306
75.01281622874306
63.24809148190288
60.67651964147021
42.27379363609843
94.69250685555637
37.85509709283955
77.01868984669638
35.92172351216759
103.64998838860932
28.190656054718918
110.79674928955748
34.21672645482793
97.42968109233803
32.749006057867405
83.83896955986908
33.127024774406536
125.55156420889283
40.200845792377244
68.84430685027702
32.60340652114789
79.77995942754966
38.16817717385134
116.78031636746202
44.435321988809626
117.27416718958084
53.30285212077544
61.58738267984851
48.24882488142433
69.25471405758918
49.7131269994474
147.5557702243377
30.89061172084689
110.17553215472437
24.016059762347865
80.74083369905871
40.32767662017015
69.51396824427152
39.10540022129205
107.81924205554749
36.98017526405435
110.45992427452305
51.721267081648676
126.15033724412139
45.24528323237207
85.69385464149146
52.172741360828475
82.65290355819008
50.04018711034035
92.20148899212387
58.634403114167625
95.04116888761043
51.38890589530928
188.2679898382898
16.756192382125217
166.9310452609945
22.56187432021398
150.31851223087114
40.78095912520242
115.9639897340347
35.144441405855794
135.67944683769807
26.656836460318097
132.15218446574343
32.38811841783926
128.3789088342997
47.55960335458011
70.32771597159316
51.93562967842351
73.9188230253495
44.81002664291573
57.23372840879323
44.238820946733995
63.327382519483926
42.46478025983433
71.12255498666646
38.725472336406746
89.26718340494389
43.8452989688876
67.16655158112194
14.68442159194417
89.54112257404111
39.73508802448206
50.03799054400974
42.846615550899436
71.74883794792274
54.65360897194809
73.10485810456967
43.46925717843348
71.92253617831827
37.044991094107296
63.47224661791149
45.966658347780296
73.79233566179975
48.07239381960325
108.06113064906631
29.82965751452357
81.29801852715185
31.306060789152017
84.76228841906348
66.7228098147408
86.68749385097628
63.78463527577453
109.00742710774647
48.33141474887118
84.02073677459467
32.66983720324584
77.88937026473924
50.8889489054674
88.61908080680021
28.397299235736263
147.0508474055046
23.45626018769016
53.04016922452419
47.693574665247525
46.06130895091612
43.786008499584824
105.02932229383336
24.744442956598654
98.70544277444733
31.610613017184487
118.45970166902015
36.9090454298464
80.39876153119164
54.21127736021904
106.49426196299407
51.64528848128891
67.96298479227694
55.634572070779036
83.83287886257031
45.71246320329679
99.48704643963697
47.91039110249137
76.06649609583538
57.28799450860918
88.77894171677212
52.39450958223686
104.75880910190305
56.02207030242914
88.77894171677212
52.39450958223686
85.72264062383867
61.48171323991707
88.66927700358097
60.383333786940426
74.22816666005514
46.849583172766884
100.56483548051223
47.36933287247601
106.92155639588576
53.88321814573709
114.52526236235074
48.123615051695204
115.12793798752716
43.15279203235538
114.6005968154978
47.50226217427773
50.94664865999764
50.23310750832509
80.93796409263685
61.68249187717465
71.85184640339449
52.50907045796017
79.33712579741368
45.76934278346518
97.37710906098077
45.5680145911003
109.0120298589306
53.13026215024402
67.04716380242857
54.61236945230841
78.1208284876496
43.887700008120824
78.74829185789477
44.86422830758442
78.0475922548941
66.76930040366626
66.08654677314418
65.46433017928618
86.525936037931
64.55408491577334
92.6385382237979
46.379677600412904
101.96307490119236
49.75779763614952
76.22811840305823
61.43577117087421
91.53139808111219
54.91763985956732
88.83192606611061
57.77151947447304
40.01329280906667
64.77064330855717
64.5952031858936
78.7788750581005
49.56398551548364
50.70112349114328
64.24370398790633
57.374446350771905
58.140164826365485
72.37010738926894
93.02726906266162
66.6691704064307
96.46962458332459
54.45285016823252
95.64094559870702
61.287731819824785
99.14606727422475
67.96488267633264
123.50288651720462
53.94824708211744
113.42695991124145
49.7035012202125
91.24107646434472
57.99053718667456
115.06501908864358
56.588405785830716
114.91435018234947
57.831111540665674
90.71746582458375
66.52876307439381
125.28618878561707
61.568471776031565
147.62274113880792
52.03873005473455
122.74784670271873
66.32855748522
129.35424925555787
28.015416395487726
103.12333466282176
53.48959561948778
93.85855737035138
45.36932783824451
113.83926982398143
40.6062895735426
107.65559818508038
43.0808420301758
119.64233128514363
78.44356038646274
66.60152670979656
64.4921547739294
82.56111388045304
61.83706871598991
104.3590042397553
75.52003680872505
174.01205497726212
135.05005581282393
120.01803135473705
75.34433281108653
73.17168381226968
70.28474182587871
94.08734258147565
75.70961662463147
37.10855890216211
60.44278577286275
73.1723956969609
72.54197558305017
114.06488658992521
48.62886809708672
111.42818072977839
70.37621880669846
102.8694042125654
56.85332724556164
78.38342390670186
67.41532419074201
85.74106371852837
45.55239014807614
98.8491832295087
53.90458043275846
101.94624956186378
54.24176012900069
77.5312094619926
74.5831346914195
89.18571404408863
52.617054348498215
79.5096714915304
47.73604501000692
114.5845886526509
69.34805473021193
113.04651651228248
72.32837673120848
111.46660026867755
62.71305133573435
77.71178699461844
72.7059343716159
88.55151915786125
73.88606330846372
86.84185605958048
71.8112673660599
95.24160991717342
60.76421701167282
99.21582419785251
67.78199170667409
97.43082664642468
66.32854864168775
92.41901590796591
72.07845533352946
124.1325627371782
66.08781167265934
112.9167144508944
24.718660685615525
135.36839586369211
25.303676166393604
69.81373378992555
79.4590679913389
88.85024577542157
55.09029308304625
72.07376738433712
60.81848166881454
91.92898359053196
69.12692747768162
100.8770006717725
60.02823067960754
62.21597664637953
71.55804372216798
83.43297322817371
74.49750701125082
101.83331923858276
68.31655539618616
112.81534099300006
60.861703381686524
113.04134435244123
58.997644749434095
119.14968153819522
57.14444517021837
120.65637060113627
44.717387621868795
79.57952250463315
72.99481839853215
84.34440783203252
62.81114664070753
90.18279028262567
72.89009411851472
87.50896637102063
45.873208205604115
68.58127918858222
56.40362996259112
86.1529462143737
57.05755999911872
34.74500721320367
75.03383974779024
67.60949289124
66.0207266238933
50.381007781273226
75.47703247416645
65.08161183415076
73.9297241821994
96.08039942669794
62.41244423814983
135.89840178198304
59.03996334366916
155.6550219152166
71.04390432165398
102.8123342892466
61.88624533782962
88.99482162251545
49.679495402551595
66.91565833458195
68.5211181581882
40.548750406327194
53.05944334365853
54.71990601469221
78.525341014855
53.160911822705536
75.2078393176162
91.22685227412995
66.42081905171248
109.02452265936259
65.21069045598766
109.45350005414348
77.84848531448863
108.79851929992144
67.0747490882401
92.1831708409402
74.7091437682911
79.3325823135956
67.6633390902952
109.2821538994502
64.41139355947895
85.15014296902241
69.33878036667194
82.08445971409469
78.44833621778272
93.64615333138065
63.968200833102735
92.67206614406584
60.225957316348335
80.13515101129526
53.56538166501621
94.64113478215903
63.3288675526546
101.7724266402325
64.20714332130137
106.92444525917624
54.06561902550703
88.36296931666395
58.34036454628897
69.22351637330397
76.76296368439412
60.878174917239825
80.89083746312836
74.52620389854181
65.37873363376482
54.416194789851986
69.48488930642564
106.18766292592133
60.93000649150309
59.559543130758286
47.87124826480236
45.78387456726362
48.260145725995024
45.40720230152836
51.36691011308241
54.7841967775498
54.906008173509306
62.497011170165244
74.84896846322019
137.74470605376922
24.185744858725727
127.39671744016206
54.5368818750849
121.93500725530414
41.35117001019031
124.54657651886637
58.63346724482558
101.45108291547108
65.4014423030795
68.4150062795224
69.35943748357607
79.40751462154249
46.63312484434775
74.44800901212936
68.12759078177783
70.10877632512002
58.25966641142425
56.69931900155149
52.39288763641185
94.86438493234249
54.65928028312678
46.644314447206575
54.44596547274226
67.41976533592758
64.26245787544764
64.08642280843203
54.197530028335535
76.52910053938119
48.62707223765165
150.5742913887342
50.91076540114766
61.985850219154756
45.17269274293909
81.73342428737055
54.23010718744567
77.05644171141054
44.2776020957293
83.59679092268631
67.27666355044897
95.04199641424267
76.06187576942163
80.61562984367154
75.74402169305395
95.1132819536731
65.92272844484086
101.40189472362053
63.44165164303725
91.70264038339262
56.09014139404492
90.34662022674569
67.27449318755953
44.08155159059336
75.85234376186044
54.77061484754206
78.27517845354322
46.017218048315286
76.06308107201184
46.77056257978581
69.84955229783705
100.42029876375013
98.57188953857471
88.60616601350456
66.58219324762351
117.40469849408325
68.45839968302921
105.01643316466289
67.10968089806028
95.85296539696517
67.27461727024806
109.13478313834104
58.01818967708959
73.56036441949401
66.73627056677458
132.58820746547477
24.671674393889607
145.189907856044
43.67115851872961
136.58529404657875
22.542377292117532
119.85704240769103
31.79206919824959
124.10504758887015
29.10677943146499
134.53461713646715
46.610673029288364
121.32001786944805
40.62180561148271
104.1770904639018
41.41696489664387
18.133167399721735
49.86601017693
37.22198451426338
41.24179451422571
103.280422119276
46.49486710918225
87.2782103112803
52.3073506190111
264.68154794065305
37.66795965227252
121.29511828607463
66.73787630653395
76.90704521886414
50.6843304595609
109.96542507692355
34.41528515069084
76.2639066609437
24.45063225582121
103.76083138640425
30.592013909088706
97.44741289282734
40.60709581879221
76.11661442502444
31.870919646466277
133.37996647449657
31.783943279808263
70.83035642972473
45.62309636723246
62.44228879155637
38.43384124229927
56.913597906877364
51.682129925181
70.83993537666615
50.05052670915339
92.50893867734264
49.26187273373135
131.793987825229
44.74483666756784
102.54344862576801
46.59674749666701
119.92470991451205
13.234000070317704
19.676689685745828
43.07539001420208
58.53022672066942
42.89851861327738
49.65754409257592
51.37586253393397
46.38888680230847
45.98356489429135
54.11769247255152
39.52836177378826
77.2291207133277
38.85460742028013
154.64223601929675
34.807206401570824
128.9512308968823
36.41709151152502
163.55840355167422
23.034799013620514
158.84793062580366
26.299294195792314
142.05053018310093
25.729659083325263
140.31783776071873
40.02077526392727
160.73129195447996
10.76547226035535
193.5078748810769
21.88853598599939
66.44483099435811
33.832179701155795
72.86496701850945
32.64248046138783
108.71980149832643
15.141164363797573
103.62008800842831
41.027247905180275
70.16549500350787
35.49636007629354
41.8762979733612
52.12126284112549
38.10332883516581
34.71252322039939
109.51411570113153
40.475194155109726
106.32079286401114
34.461543638049626
173.66894168241987
36.253835481352624
172.8109868928581
10.97824576435069
70.38573327224235
40.07040315349381
106.4611550399983
45.500436645911684
137.92632775202958
38.15412710415533
164.95576656455964
50.75964398845567
151.7348280990732
44.13386600521901
75.47698760303679
52.776753125732306
77.41536087391039
39.67057245989671
65.68207629871208
49.09558990117631
59.467021582383644
42.123406810456494
41.13154899931252
44.534093698986
99.11785452449743
25.664918210586514
72.0059558180981
42.229419840590474
81.66336605508951
36.98528269311211
67.75795063691899
44.91470960737507
169.53690604039522
34.163860898419735
139.62927881422902
47.90577132251155
109.21733974013488
49.63123976551987
119.6699386118333
50.76922124033741
167.15050874651973
30.36331020171464
147.05096066363902
37.61837772349313
147.5307379866493
36.804631692503946
111.3889644651128
41.56764057330587
169.35434793867947
16.400641386671044
149.81516888891923
16.178250858893403
113.50832769021996
37.40768422098853
147.1366189255359
25.329954172034462
88.48091563753376
39.90497278522788
86.66453500867854
29.004794172888513
198.40071936242205
68.99253923096663
148.3228016489571
66.71363984315448
72.09386489997044
14.119934828305222
58.973177090697824
25.282568515746416
64.4244262497466
35.31936853152334
63.294409452540826
44.639661692785516
45.24981365624878
41.41602522252744
86.99595285112116
50.73063623985402
131.0663819323264
36.641975816599825
104.12818145632262
35.59785956876299
52.28304567418564
48.707711564377114
38.6685070427942
51.002815119852485
41.14000111357356
48.26741459096853
18.0626725272045
44.49586111431682
6.30846590038794
47.62305485736106
54.67920529181795
46.59366391291063
72.53210478064969
47.56583791701684
70.03771407347102
42.25783520143478
19.687356848599403
53.14457726050431
44.055832164277476
49.50204367017656
140.7563115729256
47.15116697830161
117.23954456596651
27.59290679403126
145.5421189519432
43.26531891871233
141.66032501069023
39.69493244929187
154.43572363165495
41.085798696291086
115.00254029565637
29.86758099354978
146.14479457711963
38.29449589937251
102.05344344429611
46.085332624391356
165.15774442161234
47.30185580729831
163.59875022962567
43.98435411005952
166.28776121881813
37.98156264603613
105.82112210068671
37.9139816052952
162.31734529868774
43.05001093030727
73.39493688411957
51.914903056832024
62.16807142933237
50.69262665795393
86.24566995823136
52.68441642641376
90.04166842052817
53.72724392413404
85.79366323934906
56.412533690918636
108.09672524262935
60.09979224350979
95.16019668956137
56.80271990222786
-11.84131888316457
49.666643175891295
-5.708322253617636
44.07199325149225
-2.0877577318552056
46.34740133008246
49.36281638615447
41.321525738369736
45.114811204975354
44.006815505154336
40.43257078928504
36.193344183323866
20.341720436961644
26.879712311636723
7.97838636151597
21.302113098850317
11.563283401717545
36.73052810194855
1.131616157840078
19.927010489181708
19.759047505635095
26.975772808824487
-19.304292879612518
24.584388335229836
20.74474912067594
44.62264283511738
126.72689152516985
33.72931381331967
91.96394989459061
33.388936911500636
63.75552474089606
46.056731428878614
0.00906600616501618
44.714618064720206
-3.4517911484574197
44.33622947940792
49.291661345692674
20.656460391001772
34.31425198766618
25.284117264047193
35.11278882336615
34.76921473043681
-28.936070618382093
49.191591596134934
-16.265899363437224
44.311675666214654
-5.498788215722978
45.488884598297325
-4.335350008180135
48.74868449810075
-35.34299534464613
40.972865980836104
111.11154335886324
22.19956422667081
62.472956504755565
12.497366406902993
43.71768425455142
33.79798491145582
70.6872678079826
44.28883670664567
52.06302571061556
29.670111132721576
39.30854914126907
34.577068583957704
74.2907532607488
33.97872256273021
109.1118274481253
31.47417044722
73.76341208871943
38.32819270465256
76.45242307791189
32.32540124062917
87.60299992685367
44.003477995393006
134.32684237485768
59.79276220324477
139.48932201961054
52.800149756568096
172.7922132977572
44.35914230293859
182.63167551847008
47.31903494797829
133.2941565344207
36.91118932673243
160.41440899414596
46.15933536708732
194.806385329731
29.07765898621036
91.1457804059324
44.30980213308604
84.84493021064779
34.81006007066603
122.49073583843858
38.32111824077224
76.3025883157899
43.99501156135698
156.777774704156
44.10183491574524
148.00092074645335
47.006880665450005
55.367239264287456
50.771990391518905
83.05931152300639
45.96448087389963
61.95949349759575
54.999312103870004
128.86174384169342
57.186909821587044
92.83742567644725
46.969372154535726
121.6359777693447
46.29452549680962
1.8756084422199726
28.190387402794048
4.981383381001566
37.92774392605852
28.190737175960503
45.834055713752505
45.05156832921355
28.881933235972138
111.78724492037763
35.76104865015767
52.586233815898986
47.59509534189638
205.7977297117263
67.34794463986266
141.05189423845195
41.59745230742813
169.4967837773968
30.21451100691539
167.2619066121577
38.092410452264325
148.42001490867545
51.150391180951516
2.212223596093773
40.928077263230584
24.251416318501068
32.68687631135566
11.869251836957874
30.668716716223592
41.14957360289003
26.978331921529087
28.424096554380245
38.7439140332254
13.6420620450546
32.115583475040715
147.77054750790413
73.97004902086861
61.214432277557364
52.806003830268224
105.85404663402849
46.96352066156236
54.6331663213028
52.08949697575348
93.76844378044078
77.95788642685226
158.08119354197822
38.81304826708084
321.3995879030777
48.174130324561446
138.8103244437151
39.23323413726707
170.69546223083975
38.29770841979734
154.71803719101067
30.716837317490512
235.11481637626437
20.020751891177124
160.2146986357066
22.4536837126785
143.77094113463772
35.1431963361299
156.13981499887703
31.966725747792676
205.55670627980513
48.1130515760615
63.70358231419402
40.37733921617165
96.8903278564368
35.17663828084013
122.07317156273083
56.84223396189792
99.27800103304104
31.659258326486654
84.57560262845284
56.667243745611934
121.63368108613948
51.888017430583204
159.03494145965084
57.21902700235525
166.86693533388484
49.77233794831471
94.0789581417135
45.849405422611476
137.9652279667141
46.220451028080404
96.92909906300918
41.7528200528708
125.0892244352069
60.42252251748449
103.0317307716162
23.794757529448514
103.7620459789853
33.94714087827956
114.6143464405204
15.612445843003876
122.37793432302638
22.753218781844804
102.46888969511976
38.29792412205961
93.94149625533413
34.221768108275796
97.39431280180624
25.1543597191953
87.77779811814582
39.70673118197219
24.711170911260588
34.07486419922022
8.96468218554022
38.618434719974026
34.24453070709674
40.229705978310086
77.16308708681576
46.17519258472883
21.76973430085272
33.85363447700026
-18.4292359330411
40.81304016006328
-4.2467542682673045
52.387974230600264
-18.878900566454988
44.52299279432751
10.316657937906156
38.31726306731104
135.00684346100414
28.23259660188108
133.9521611169454
36.931536885725784
135.44628188159413
44.01930330949972
86.5555152475851
49.34567009608287
147.2480858007
48.379552139290524
147.3464495779485
31.39228713886721
148.15209923846464
40.92331761028078
82.88530328280781
21.726912542653604
113.0712389974608
21.865502731897717
112.81775351714448
49.23993827299457
102.53674560335841
53.15707474157742
116.10944013151335
38.26632378963135
150.01810370409984
38.18511591924684
138.09035768086164
22.7148210219146
107.39800284579754
33.223524672828184
95.22317257752603
49.52557122773032
137.99199390361315
39.702086022337916
126.37799515728157
38.437662161429536
112.4516576874928
40.06926537745716
125.02197500063464
49.62201395494415
219.92450854797983
64.9932146570204
142.7887866285981
65.31648179858865
33.870909216421765
32.861644614720376
10.770551305951281
45.4560032610745
47.259444488372054
32.430599691497434
36.12672826586699
59.548529934678385
34.41905533853383
33.413113552278894
106.17145005915428
44.31246740632043
103.95747511294557
30.22122948283311
89.74575369310558
48.18019188543588
83.07869225789484
44.936126059220946
79.62587571142275
54.003534448301444
89.29374697422327
51.908309149940756
67.66466780837109
60.20636091009621
86.76394594872187
54.731057096509595
78.65717615039118
37.48004827086789
345.4336644096284
131.0802341812529
97.36248166155485
52.03027938096221
114.14942107844843
49.45100264431159
224.5467075244279
71.26734306100785
147.16153190830806
32.93109998675948
115.3077771986108
43.31336125158222
116.21179063637541
35.85712672257248
104.3165064796533
39.03708645570865
136.04661383289718
59.931502691461404
137.59556897074359
12.772164582215948
122.96819209852991
36.36185581800671
138.85111807765887
41.23881361036583
136.08887990780252
25.199222130565516
124.47488116147095
23.93479826965714
133.07550178192045
50.053337227264656
100.630522886963
44.117562111663524
121.78621727214959
87.6926651521666
91.37028131544747
57.73628140242499
76.00423548253875
45.36094161902585
74.83150334520698
17.03512178293436
95.1235644376183
21.1329959027916
76.76716980292892
17.24585909308576
122.3795678797594
43.70718778410141
153.1203681345039
52.77451619525621
138.53904991049308
43.6323831850353
78.08891215553564
14.24312207034133
90.25117412551484
17.455899487562704
118.7065246902688
9.221870036167639
78.51788955031653
26.880916928842296
63.95749337792395
24.036607616856728
69.0969436985754
33.409907293185896
84.88716371013916
33.86974665254458
67.25062325700975
36.98608134255212
109.73153276832434
31.98667913336052
74.61715360286672
21.003931519606954
7.1275654530954276
46.97482143214169
38.45052028465241
37.84174727774945
82.58608585069376
29.880819346698914
70.86326230130457
42.45474863709618
71.99327909851036
33.134455475834
64.45176768250934
27.12505128701567
67.1407786717018
21.12225982299228
85.0242445358906
22.43969019896765
70.25876705567514
27.75726321746986
77.44944244400547
12.944581876692697
42.75023865826007
24.855427903440887
64.68708942161423
34.798362692237106
66.34444739084938
21.128599389052578
105.68489753344261
24.056827510711827
72.96738847721316
25.180622161300384
51.24608004749104
10.22471689113406
51.39563770306942
21.294737366126668
83.785087338122
32.37565362974043
110.29431041934491
20.781975019076295
196.46170606975346
76.5916432732773
161.78726392348037
46.73996154243191
159.71349685775664
28.257106014991958
125.11523524051641
39.34142274535484
259.270301960619
32.017435235474416
321.1257800785112
76.6120231265005
165.52776646742666
42.48205304166893
41.43944472762712
28.39682553357284
44.35445907626073
20.52997543729702
67.92774575723178
10.505323224673365
48.805438292779584
32.34653916126582
67.70174239779062
12.3693818569258
68.93636945308766
34.53820718684034
127.13737648154459
29.996910139451053
140.89654005972397
33.83204346045668
113.96438354322633
25.414984581303887
120.95370484264355
32.47146259608426
102.76890116586652
33.639443729778804
101.435910333321
28.457883400287578
81.01674866259964
14.159438498520354
91.50073061172543
24.74415552069091
224.29201538517773
12.92239130621015
124.42604440200618
27.853335101978804
117.4890282316346
36.541416332786795
128.19901354020158
45.26207472270492
-14.383347202960636
28.176611088500046
5.8668697862141705
19.678837811886595
-15.565669129212045
21.752345004173865
-2.618679550334947
28.198329194573468
93.87549739495037
19.094603184461214
86.51473285549677
33.20158767435957
69.20045226657382
40.130334552932545
123.17483569689814
41.115692039861564
153.99483011415492
45.73019475711886
168.52384320912012
39.12776852175141
102.55977630527009
45.40078309562008
95.82784144272142
45.92698199594029
126.04516023480178
55.51230773253741
143.47238221902768
31.889299134339662
110.98456880672663
37.79564787114922
128.30095666813276
8.203165171335069
138.82678272049506
31.38352958997631
128.32997792473768
51.717454889559264
118.23312926715624
41.17488532941899
131.84766789854768
38.87978177394361
97.00567165955293
35.08651019121848
123.15703725417566
55.56115548711826
108.33620263250913
40.97457577257067
108.8635438045385
36.62510563064832
90.2439522122253
7.040099013462557
80.51353297336881
28.59697816642232
70.0713951274795
30.607908540722452
60.45793626620778
25.78395726343032
47.487917363229265
35.70388519603656
82.35270263900196
31.61151917196251
92.7469849318252
36.3783383768391
80.93001215015389
20.612061025177322
101.55688479473642
38.96922123992738
93.41662464649518
34.93521268817384
92.46030607968493
26.646887971595227
116.79983027733473
25.276310144595733
112.6920329766406
23.569982307427704
109.28138987115614
26.610381215886715
98.22611537428129
30.443222760409
85.14937894072835
31.5377680230797
149.64299790604016
36.73677878131393
220.4730122566292
52.106344401453036
176.9124765712545
51.97756104388366
125.53253862144328
42.64148224483949
90.31868029349017
30.614032259137353
32.49902203213002
41.84934765896805
44.58594954896217
45.683477953606904
53.350329215992254
41.73478644116304
94.2439323987546
40.67902396460502
61.31899840632113
40.713677049516185
46.36100791657505
34.678308426382664
51.76976038414879
40.06827523878028
46.49010218301237
35.08659316640374
56.16843447162202
36.14027971716072
72.49942162754913
40.19557580918327
60.895883907026665
42.08006379739256
48.754543988665716
45.165110078406535
54.23552437722163
34.39757547841453
103.3700693259313
30.303567608906985
78.37654822418935
54.558720301639106
55.44373243867303
37.020980617778854
70.76793416834525
36.800673004707306
60.72339063980946
42.00266269015539
48.06260662120398
73.73718090430961
55.44373243867303
37.020980617778854
97.11280604565597
67.1365591974329
67.43440345073988
35.17864009159984
100.88899645566032
40.70952792048657
9.92681387402365
58.245840320095084
36.78967989688039
59.911309445349396
-4.49337441788394
51.00991340415689
85.44275358734888
38.93097393161081
100.80396409491718
47.1803631804231
124.80622817066912
49.79350582630041
175.7816110368768
69.23154571880329
131.4523675542616
46.73974795428001
61.13829632043685
39.43870057840743
60.98762741414275
40.681406333242386
40.50638904065185
47.45166352847268
165.0168432264618
35.722995926789615
69.95738196484302
95.42852923115555
67.80921537276168
105.48574338318087
36.126691672142506
50.37505008544495
59.33475407149908
45.83212811172199
106.85694696494492
77.1267336349675
82.37023855463164
37.00803419190302
66.87444586704707
32.17322386157418
177.26868466168835
47.4828248319929
96.73097317380811
41.7966860441661
190.05067777145612
47.46079724772388
124.4274906270135
59.01281396029959
118.20010236158753
42.61924119131463
107.68473733503434
22.58778862179106
107.70279729402726
8.444527804621716
130.73591069866762
25.70207756017826
120.77953372758022
7.349982541951017
85.96892056601284
13.0034465065789
79.02144336983214
18.542615888269214
99.02262767546438
28.27481336691404
77.45198815203635
12.076202341912756
91.03303643351724
22.998099060325544
34.82238922912384
26.94571755113013
91.92560336816238
21.83060028997573
51.02968234494244
12.971351710813499
63.79461994009805
11.213306108695043
81.53577065131871
39.58608990986422
15.537329443629915
51.30654388432718
68.38207737568021
45.72780454083971
25.602795023783955
52.40237789711445
60.24181722743897
41.693795989086176
16.14000506880633
46.33572086498736
7.825444858627395
68.43658209202052
53.59567784384648
44.74755386110658
38.21706371264546
51.88703804983095
89.49133172349327
32.59649233391283
15.601178167561153
40.29088633171784
42.91605090930021
38.22823819246729
62.807778625112505
13.209590440530842
37.514367820051554
18.01053486163299
103.16265057563979
30.589195568887124
83.75482047174586
28.081200786636607
83.28399897372846
2.8477585316649563
78.65932152681408
8.639812685536949
74.69917229167748
12.219874130241925
100.62975525142377
28.38197792231891
70.22516375105721
16.76922252927896
80.4747885874159
3.4053505133430986
106.97144337034652
11.326495874802475
58.18938707578448
46.21649035292195
58.56605934151975
43.109725965834556
98.7860775588994
34.89741462051291
73.16829961714882
58.549682674290814
82.20211217734555
51.978544847916936
175.08171606597577
43.86466374190834
150.63790629715064
48.12855020965357
162.25190504348222
49.39297407056195
144.0357182892778
41.11421965690348
157.30496773236138
51.37261603586851
113.83192800800238
32.52976379875641
102.93778344323077
38.26881143756142
70.06283673938532
44.133012712340694
105.26058319249708
38.52169620974309
107.34481128402994
60.15346358630071
132.8307350986215
66.7054608068343
75.55122360161143
22.569624207314952
115.57733882877744
22.20034674364848
75.55122360161143
22.569624207314952
423.17841115950546
149.22081680914414
84.36738655569295
43.67519268355236
105.05704196545777
50.96412611455755
333.6269162354284
84.59094504384971
142.47046851112523
39.03175334706282
118.09153216963803
39.525375088272895
100.43406966489037
36.343886080045095
126.40338327579161
48.61450158342682
99.9485725960975
53.28900361843813
147.62142180509824
20.34346745905834
125.78077813498052
38.73976298920109
113.85893749753465
36.48662131402549
135.54886284982942
41.9957910368388
138.18556870997622
20.248440327227055
138.5622409757115
17.141675940139663
107.60434922920551
38.06151718093863
71.87926160406438
48.022303825458586
76.1272667852435
45.33701405867399
116.79255772929952
36.235834652908714
96.63829512298025
51.201134012014975
86.45565098644266
38.13100548017451
124.34146385779019
54.940687784650564
-12.52024422139201
44.910839315184695
-25.425389697032603
51.06050252125578
68.23686654975413
33.2062654450056
33.834308731349395
45.19970056989911
11.80056313375043
23.545048421913084
-1.6967969412574564
37.81444649644167
32.3604716888394
38.37451130598857
46.177984355570565
50.581261241266596
63.67158499057647
37.281522671626625
49.59457861449359
40.155831642489204
64.89575102006438
56.30143615242349
143.0875261570394
58.43837414194363
43.919396806327434
27.982455281714852
66.57610175124157
44.92886157022445
127.87771419213556
30.119872867912168
87.01317624634298
30.707359836102952
49.364470862270935
43.59268018259869
56.236613605304576
38.67486367832585
45.41780349368002
43.792558439713375
149.80221304458297
73.71917480061657
115.40912162712789
95.3203038526718
211.53356579593665
100.97697226074128
95.15505106088469
52.31380389225776
229.46277612517332
58.80894233348382
127.71932313315169
45.7442458368097
119.07015708836853
39.134203461704814
108.36444782367855
75.07129673498548
132.02760769305476
48.72909950122209
120.33383142991464
24.486021548122455
139.7114180587522
32.891218347871764
147.50638901868555
49.478726834065704
190.76245094140066
51.85807112394477
127.31269170352272
28.393587713785156
144.20634865099072
34.63969364707007
197.4581430683559
58.76680032175214
121.32432120147406
97.98718927140321
67.81896419494797
36.120408764321105
66.61361294459513
46.06205480300076
159.96358406136255
39.879152366278944
157.11160161551297
28.68502268832113
150.74377072040727
45.61928117367746
110.36262257092437
51.925386424716386
222.73625800442477
69.71024264956492
98.24750459475928
31.330635236977734
112.70118323657742
25.349561879027767
137.60089774480264
45.57365576708373
244.87805996505622
51.56040119206274
36.143465975015296
41.13710503233489
28.80885548729021
46.63412695199492
24.550389280301964
46.170504869661855
27.992744800964935
33.954184631463676
29.18552775302547
43.527362564907534
105.47031716334496
28.46774156923449
87.52197787181822
30.920575919794274
87.67264677811232
29.677870164959316
104.11429700669802
39.652093362749106
89.38209757115703
36.50903464583375
139.28853844397653
49.66828438516276
135.64320888797386
47.382751132607524
131.3847426809856
46.91912905027446
162.6023314155959
54.724691078679705
127.27694538029145
45.212801213106424
126.37293194252683
52.669035742116165
114.50154675932671
43.82193496610721
17.41224574120607
55.16202936800884
31.382534586714524
43.46233772721073
40.27613926642628
41.28281750478948
19.81037994361944
54.79356126277304
42.56544866578204
54.75270255085932
138.3180842649929
36.46146526779303
263.10671607892107
89.2854844391776
147.8562086731176
41.90676942250264
48.04071617494873
37.15098457937944
70.05500866393311
23.808830669517
70.0424403656408
43.32365464164051
72.05690453536381
45.52989252707095
78.55474442028675
24.02090874514081
73.73729182870038
15.494217100880586
82.44673725220748
27.77440290718246
49.56132952255292
30.489692332844065
115.76756275406171
44.474784098813515
96.03422591110716
45.47417538438694
74.96789823560708
41.29200634046915
71.55748457838637
50.42851697456135
64.09523450846861
40.802332526050506
54.83541858883071
49.23752898467682
112.65587979118544
34.42785479764116
113.7628672642898
41.47347375938482
104.45074621560629
34.16411097242277
120.93634781991166
34.070245745442065
111.62422677122814
26.76088295848002
108.55854351630043
35.8704388095908
41.365274617132386
49.584672870408696
42.79662922692638
37.7789681994766
75.94988441925861
45.79526753803325
31.837611234816837
47.28828056481676
23.842582335357328
40.018800658985086
26.23858162674905
41.38977532567987
6.406881006546007
59.376431611676615
7.461563350604736
50.677491327831916
35.28285521275491
37.96754934842366
-25.3616583331372
44.33951184168323
34.529510681284385
44.18107812259845
44.7059083369792
8.774823162838883
-12.648004533162212
61.1081773666495
102.126820581353
35.213677753327
122.35611551890956
20.418080778478203
114.61344968802183
19.57513153787262
109.16220052897306
9.538331522095692
93.46968028689153
38.67805119261348
73.20064851858164
18.214264949750408
135.28007577368524
43.22997709188364
112.73008835934553
35.108953473309576
125.73149033975143
34.63576108805636
121.84969639849844
31.065374618635897
112.80542281249258
34.487600595892104
112.35341609361028
38.21571786039697
92.42678036765528
33.01796969814222
117.77249630176186
43.96158452262843
80.61816133930992
43.06434001683929
62.02732975315499
47.24725016820316
69.11501482982067
37.31646318256021
77.99815848372329
31.98803111102129
93.94595789019017
33.09472417684526
125.75573297141118
28.05989568054758
92.88078626756574
33.92409695532686
101.53792656202721
30.45972351604037
201.87156785152584
36.55114297443848
110.89068626350027
35.90788816543335
101.36302288118472
33.61149585984141
89.44803494491666
47.59831145831721
95.81200928972214
27.236646614506434
87.0223920018822
55.61284988818616
69.71670925429375
41.50537532338712
87.71701204731626
23.49341686319971
83.31833795984303
27.421412384819266
117.15320807064653
52.271366554056506
102.59726464807497
30.228730413310473
93.95298881526294
36.76342365215486
34.60929761418316
33.84277293266173
41.1801025446286
31.41036793805881
24.382702101925897
30.840732825591758
26.962888288060746
38.67629451287401
14.907343848655975
44.28889976558818
24.650549564603555
41.57232158981001
210.13503175357403
58.2947085238978
100.02948791163907
21.981259127811345
104.9220128212311
26.920793738157602
90.36161664883853
24.076484426172033
96.1581549961952
21.559784507508553
55.762711590603615
54.097873904508276
93.82105999082019
47.538883881287674
112.7069030700221
24.412814727829982
96.13339871427738
44.64285680435167
62.343977546858184
54.814380759023024
92.5403742873203
58.10188279738481
114.38096854590916
62.36834676536316
39.01997262100383
39.649649075429
45.58031652564014
34.068332231708396
48.62297045646643
41.324688503603454
44.60096863472847
42.14591963813562
45.78329056097987
48.5701857224618
58.10878973554548
31.025433412724706
73.51572440674852
26.004907394612907
117.26178635126415
30.767570604034464
110.70144244662784
36.34888744775506
118.4903569127343
38.00553790253885
97.03459868619076
22.899431757642077
111.88376437287924
42.77315353208124
74.95019319213439
19.05770883353185
66.99538030938643
46.096980365789555
102.88370513911396
15.378663994311134
93.29952208278644
42.6651840856132
80.14745119608644
44.38108222570138
78.8039993377318
36.050610047092476
96.39286654101728
23.06063378959046
100.48809554341913
44.281785598881996
62.51764989464192
30.704598772561617
76.54214093287668
49.53384001025498
64.03063330825178
51.55459433226322
111.80286374964568
25.36788514821911
111.42619148391042
28.4746495353065
85.55313437777448
21.880504852742643
113.5878613010735
26.82132821320546
114.47216826722797
46.24641456884267
152.96778378369393
20.997493222184197
105.39223302697093
28.409002788930533
128.14730174913353
28.368144077016815
140.21330721434742
25.904450673420325
61.538969297088784
45.06782396566308
70.08939206097583
32.77806785644106
45.23752694898807
30.70198316392067
50.678315082227726
37.58987133057992
76.60578458989247
37.26483943749096
89.19116115611386
27.430342011676153
99.66468207943055
34.86614718472904
111.45247097886826
31.55534685035722
81.27699629002439
34.56566851023078
67.87799999226498
31.84780158433605
125.90588293904706
81.62829143412132
108.97900232330784
32.5451678330105
46.03653090044599
32.047462374229056
89.8683883239178
39.337684555350805
64.63985094619477
40.3683642499178
96.51077495962467
25.507902418258844
104.28482386793976
35.79758720621744
115.70382060545181
46.83148689252242
127.69449161751865
44.98914636634341
122.08211252636664
33.04614025628377
180.6020057044237
58.303878117561965
148.2457768425198
8.502167825785474
152.89137634105242
9.007937370148825
264.78113787311395
54.02805187388476
142.98493342051844
32.48204527288546
181.80708737801467
22.85843832460774
162.6220137587077
25.806183166494165
164.0408000702094
33.51530246768558
171.32310542888885
12.273721302437187
151.00801501237612
24.541759305585785
198.59402679490825
20.27916158795712
158.4284209790574
21.57229635762594
210.24731523248448
37.10596328047898
294.5044105282789
40.35041978824545
208.88640690199338
51.89967925475567
79.51130916307058
36.52583798824653
96.71887222141909
20.77170843973802
92.08373374869558
23.41485074449234
122.99111439507556
21.154739824393626
103.87978447874865
32.88330439791878
171.54678306175137
47.25228074033723
102.91835408593096
26.42947517137743
87.19655803890524
23.45872347330102
136.1076945466273
31.44554571239918
77.0222676556936
36.2012426118194
111.7090764405898
56.47687528165628
128.07749948851162
44.408715535622356
106.80609050518862
48.388428822192346
94.91302425839383
36.37329275434046
125.85230450451735
30.298354169409787
160.16675458226194
65.59735212269477
223.55805945990477
83.13331343465912
109.09674816505114
42.324366453413425
75.86330238864517
41.767999657287405
60.52863963316382
38.83939542124128
76.72547172317329
21.71611773180698
120.15531013958945
44.10641593708132
48.18432567946314
27.42258821150185
53.89506854786363
22.378329321138175
225.32939438352716
61.61760892361443
106.6264825721225
20.171957249233994
109.63564615303824
40.645313795017216
106.15144652913877
40.2659866367447
50.41522166568139
37.689673311400455
43.446822417882444
36.93101899485543
49.45890309887114
29.401348594821837
82.12876849489368
31.69902965053034
47.91036993269359
29.23275874670072
46.96006835899748
45.32879922786828
65.0486155310092
38.48434727335587
131.5289342235512
79.49970058587796
266.64513475935934
83.7343078030443
38.97047711705035
40.05208492127979
47.33674062473274
42.22203484078089
136.70609518872942
63.91592387750004
221.6228463171947
53.533224483763554
363.7934656526348
62.686992190975175
169.0171605959313
35.6283352057808
120.2084916192802
31.647744135139977
79.8371470204533
34.58684247211967
80.4167933215283
45.98193157578568
57.04858794838015
47.84470145792155
94.04110964209107
51.32399310176506
44.83128727918736
35.83339666955073
69.19765532238226
54.85459890046416
122.57030790873743
41.52787030824365
74.07403620759791
4.770319063282025
82.39634833956063
17.008357407553618
78.61743474811698
41.20762105502255
46.37654674687533
51.547734857815016
100.35610176748602
46.64583975307034
88.43808218969478
15.20595418058572
100.33733302114332
35.007661928674665
94.46756749312277
15.481978903514449
107.67194350886841
29.51064000901463
108.53664365235842
28.494487595777446
125.61942362820407
28.59214236452115
105.94054582381722
43.68440400279765
161.0364305727546
54.693700404729725
174.16426450739567
73.34759468625825
100.1285898547014
40.749597498967184
78.82790506643421
12.618839416942974
91.8481218259752
41.10720655116628
113.34099610680077
33.47568300008092
107.82921254177735
39.10420550743974
143.93097243265373
26.036654475832393
115.51957324361945
24.202595502456962
95.27274599318991
34.71080947616909
55.53822484460313
25.978003283097696
69.65918259640569
13.035605887464627
116.91036621643904
24.47541995339404
116.25538546221699
13.70168372714551
89.98262676624437
26.58021555467488
179.74933548302494
50.31526107128397
76.42250053638173
21.95614253449743
91.62741643718721
32.425276223613864
168.80370431992975
15.157976084941865
61.55193410905643
29.644770865247033
83.20001535811468
22.558293191589655
102.7617612431569
16.50378396261584
84.52862262484716
43.59221525979231
98.13708379624251
22.295838116487833
72.17612393866722
35.83787028346496
81.54265738887953
36.22805649477418
88.24320917400082
26.255122047100958
79.60699093115761
36.017319184622785
53.87887367130206
19.455259023538222
68.87870826428464
38.08627504314243
90.37612060704879
32.24250312432001
141.4265014308914
13.667424163310299
83.31146485448453
25.807377986957118
160.65400883926964
61.072081558422795
99.47644036418119
32.848399232368116
87.03846146695692
37.3326795481115
102.2559456660547
28.28698926510442
99.37442166733165
22.93683908749208
81.84010329347095
16.689347123188977
83.81761385442938
29.49573182981106
114.38022183481763
26.527557631967777
103.55095069738394
28.49634054423763
119.53334054533245
28.295824702400903
66.80875954883138
43.90925317291468
88.08235943801859
42.11095977525778
129.4829075469766
43.144648422696605
105.44996713526929
30.20403078760394
130.51935716172613
33.55290078509071
92.65964722679503
22.19588199672297
149.48148408631306
21.225772138121375
136.86685493387986
21.011121033842144
92.65964722679503
22.19588199672297
72.35121939758528
35.26468742945244
221.3536501075764
58.59816806528783
66.08201728390483
22.71658744127371
165.52117426408253
57.15495907646316
124.3628614987365
38.87250518623793
90.93069913503899
33.01703276801918
147.3927756973009
49.35330466111578
163.0137017229979
60.77739263748354
118.50947630441071
25.744916352721276
281.8749201161693
71.93728934588485
91.28825822127413
34.991367911056535
128.74713413974197
65.62043158417447
70.19765540917716
63.03339032543461
250.31264785119333
38.66333534588532
124.81132376916109
74.23725051265718
196.88337216689357
84.94415551370976
155.33292882842915
45.58434561702978
128.79392564979005
16.05273762688535
103.68016970895205
51.00867839723682
94.90384934433733
23.55236355934475
81.90242767743159
31.951466450609143
96.54378894818822
35.430068417958054
95.42957862408001
32.05682799315457
54.70711319843542
43.98547892419054
79.31042433331945
25.780381840667747
88.02461334678847
24.71624665907535
88.27593902118926
33.442565561962304
63.35599939977398
34.82844558537942
63.45341337011193
20.24210519171544
63.45341337011193
20.24210519171544
98.32497614102618
30.65183829258375
86.27340520399287
29.24776942218703
93.08195941106953
23.488314528572904
106.58192378588295
21.83976331075377
71.86000355930426
49.8405768568676
98.671558813385
46.14796180072181
125.26138366768345
51.999817457404994
140.56637194919384
38.071098493946124
130.14944574337008
24.82724280657362
113.97512103445132
37.131789830043346
70.29657622152386
28.08918213185367
97.13250725544245
32.585279590540125
83.90579767841804
34.192569551452095
84.92753083381895
38.76885414659531
94.96794360942646
28.636641767215398
61.15034655892923
26.984445491534487
79.07710953241138
27.23952929708449
79.38366977285415
36.63899825705727
87.74578128174844
33.947905517664694
261.04066546100756
260.6673522203894
99.86469800207135
20.81438206444518
62.09308561227755
30.45297181276414
79.09056599136136
20.524288444282696
90.71332071683801
37.15913736273773
104.38709909920935
24.071487838594415
92.16537662774356
29.9659322641649
298.84099557090695
305.2155747852798
97.76187837172469
33.68958856348635
74.60450837918289
29.391070259916063
146.93293524795016
128.31161148653246
72.7897229594821
30.132762295135414
85.09867915894992
36.501890155737605
50.362681199851515
15.487674044357185
82.0899004868886
34.65354112626102
50.362681199851515
15.487674044357185
44.83799204010419
17.094965928645966
68.53214477468984
33.876699081594985
94.94947711516993
36.52217932479511
110.79623379335357
33.96723161450089
92.4792980240468
36.32489499137721
53.51214980778266
15.404402382001232
38.96420923617721
17.835489004025202
45.39095969923725
39.9852076261212
116.97522069824848
32.910334665829986
99.69084130548787
18.650834576891864
141.47138973994356
77.29058188232372
56.85615633842365
17.978271938314574
57.245289548144164
55.44784896324085
65.36761471015325
36.960659170379465
50.362681199851515
15.487674044357185
50.362681199851515
15.487674044357185
109.54737530614335
31.439008931689127
108.58554011039948
31.319901296711198
53.03904093717889
15.305800906888152
71.94006569006919
32.99699678225925
86.06182447365929
34.17221477827836
83.02464064711587
36.109853092894795
58.44569161892989
47.965146952063414
65.81660020313129
30.248985696418902
112.92523965445164
35.9481211305542
72.13021541337952
41.16573718840858
83.75939004426306
39.90746876102019
95.54193258554098
30.603204827865472
139.752286568564
67.11839936508295
78.98413174370215
38.76510336497942
78.8644245691117
38.901231311146034
47.70422423071445
36.1034232284147
85.99351365834978
34.37922311231378
81.24938025190939
31.03377655699827
-205.60606496880106
97.05763172870819
71.74927461825479
36.49693395895387
89.21532466437031
29.60666787782951
89.80995798449752
31.25067547001257
73.1950947159065
39.82192350141078
63.78662570077106
36.81300122138611
70.59561103371928
37.39426803826664
71.92800132657835
34.20429945154828
92.09132893835007
37.58675898863968
97.76184041765897
25.479904624331883
66.01822417550764
36.15005631452058
76.9546374318462
38.996823392344
28.820707079564286
43.84824941402385
86.47801160815857
28.31034879035752
130.53942952646395
36.08869806344854
47.54887959324774
15.641124589346713
194.20862719575015
21.775426154638303
84.88358450663927
40.91593984168409
113.12802312231719
35.078037015891184
127.99219426705379
37.31857886721741
68.90749672165693
34.437963875610095
33.849108308439355
19.794694951424212
72.98568014684481
22.01741688014574
132.15455015944494
40.244587224213184
53.03904093717889
15.305800906888154
64.075407903744
29.60153801372052
68.33877311652815
36.393047136219195
90.58533841708542
32.9220493468499
68.918048259613
29.136253727540193
49.049477265577345
15.529551899648482
72.79638189614131
35.30426884380529
167.254669106102
66.29004567704486
67.14317542111634
46.049886743564656
63.63580718559739
46.124330870245544
53.61087249628739
16.370576395865456
331.5562734177547
70.15713309485896
70.45614212325302
6.821735905746871
68.78104444864613
40.789845420391764
69.73309361652127
40.60896536362722
174.6389942190418
27.71499075885013
89.9146592851948
31.626042338481998
70.7188668406716
33.561930563814755
76.40132383792366
40.80027500586192
89.79529141328344
38.85010363515138
85.95411265020229
40.47122179583393
81.25299636501467
40.11678374271355
96.88414198943376
88.54071745439401
73.17679471054187
36.11110438343943
103.02091295547966
25.72941592036529
133.23728311395664
25.11989851938343
83.54648665654288
44.35409365862176
73.36031131669905
41.398448265099205
84.13514836394495
34.47618799312282
103.47137646815956
32.93287345261213
90.71059346262851
31.053857399538177
76.59050796090376
62.41936315967066
126.93795494227938
34.98812544937906
26.22147471851891
50.52184394619999
10.63163110235926
33.45114001254394
82.1530473491222
34.99297210935622
62.69029022669476
21.116913282161224
93.52650906829116
32.56691652705212
58.71436513348982
28.887195375175388
101.41110842404606
34.965140711954966
164.61312107741543
47.010087341700945
95.18463561191231
34.31231050997906
87.77244579861993
30.78741931076122
94.08121369384891
29.796908644575655
88.35854935625375
29.82058092683139
64.07531306202443
70.94734580977398
83.74682228437858
31.94132662050078
10.710848336210232
33.55441324505479
131.864366406249
31.71427842864222
73.49912932259943
91.09122801013407
70.49529694367689
27.3508328846223
67.84049960950166
47.25681304574496
89.68331594927997
38.457077694064104
82.94733727427787
33.726337377085784
83.34463111446631
34.612455748606706
94.02409242276867
70.53531681223484
102.21003180720426
31.08010405526097
99.24342852732269
44.80968307843676
66.86663882049032
27.72213278943095
130.73875548916988
59.12191228060074
157.25638163131586
140.17245502211713
69.10385669046329
27.29147480761861
85.10982536978008
29.66161809213351
73.59257600340061
31.13904095213573
93.77202438220822
25.919360448343813
198.97140065113524
49.87569840753833
77.76376500114611
29.46545245479122
44.50068857871288
27.151938656544758
-72.55150138403556
117.67128182877615
218.8512111958153
24.941432373167427
213.58700088976806
23.751069082844953
182.93001438050362
17.83541301783214
74.3968248381918
28.112786889364568
90.14065020717071
28.906544335964725
113.21454581979053
24.249430670770924
69.87612000307587
27.51559234959001
87.58934052410602
28.935916849747386
85.361086823099
41.28809545658818
85.76146043141287
27.546933697454694
94.50405296761431
23.358898810830127
67.96225941876847
28.29073658083711
78.17005588581401
40.583881351466005
97.78890159335722
29.365763690605544
44.87445992071635
29.58406163043283
77.07721961191218
28.557105448825876
77.36252489339778
40.34554726767686
87.01976113901529
27.1219047967565
84.09415400303041
29.995753889961318
87.00959632431507
27.69342096970697
56.31440973947986
40.911502800466266
83.82962597329578
27.72112586382581
136.41805861769245
39.77288076397608
74.02932973241498
27.343028713620484
84.33254124087941
27.708049893140288
86.3406271226349
27.550240804445917
95.87837137310554
30.433764071256874
84.69528755426036
27.86400838205935
84.96210645007658
27.759637249466515
75.47246750329803
51.530041327071594
70.12396268764722
27.493421919431352
57.62719312329534
36.71041379371661
77.43707314868716
40.31339053585296
67.61339858680704
74.51939117651953
88.61484775874631
31.61723797346288
90.52818011276946
30.331351939909165
65.89376600130424
47.528483573556265
62.1056670344058
47.53644531058939
176.27555328039813
80.33180287082801
60.275706408513344
47.81406369978741
347.70619217490287
103.13942032367528
66.55457566205477
48.237979593100896
876.5179339655248
229.3807101933014
97.17331563278385
44.922576443804125
104.20874686316938
25.28767326480596
189.8213491384668
36.77767157493361
87.98321645551576
29.107599425616595
77.83154040196767
40.37181607542399
112.06001272322966
25.89552072280895
85.55639703776025
41.35959141681576
367.29940738390434
44.7100729875122
145.41458774327535
57.03764771565087
250.43602099309877
48.0379962599035
157.84974234682585
117.03059116519198
68.36839613974597
52.64736513773722
104.15196400831852
36.69488710416599
70.86542907221491
27.395374282810902
52.681510908502574
41.30539818087663
64.46517428306177
27.470064093508157
44.59359609937154
27.215516013716822
68.38530244944208
27.574772901426392
83.82962596191435
27.721125863889817
70.12396268764721
27.493421919431356
66.35000460291421
28.51396408550916
65.97827667861864
28.51142053391486
266.1145994689064
91.24121757953768
103.74774597328138
30.21183307337683
65.59354131483943
41.215619125834046
101.88886703667822
32.33062791788094
76.73036995537332
27.367446409705657
83.82962596191432
27.721125863889842
12.7848286743835
57.99825498426854
96.15762156334286
32.37193238907713
84.01979839838306
27.722433229934435
299.422332797171
38.85745786706853
84.08318921433313
27.72286901859469
70.41450812290837
29.952656512263736
111.85114625994252
40.52003719142486
69.66944297521547
27.5964378830524
172.9915872410515
53.83325756517269
67.63454320861128
30.164568929332415
100.75456367790349
30.296730705721853
84.96210645007655
27.759637249466547
70.22513619265328
27.62687345908323
84.01979839838309
27.722433229934417
85.04910644908242
27.635772935377144
85.83600870346851
27.514776963768192
84.51602001253578
27.794310278217996
84.15093564126963
27.59745746140946
84.08318921433313
27.72286901859469
69.75784278542488
27.490941980811737
83.95983277365302
27.768789837864688
85.08638058511022
27.619694568533884
94.43551891083054
30.280717962999148
72.03996729121909
40.857506266925434
117.93934801645169
73.60514683870015
81.80716232434234
28.06092006645795
51.308970572519776
41.38922910149126
184.06522087689837
55.50083158113174
86.21281441672573
27.829687401800587
70.45624085922779
27.973087534776695
50.095116724925234
27.33239435936244
71.92305846322213
27.452164848114993
68.99890437577722
27.48576155869255
81.18397762466567
28.307293818368965
67.16293498954578
24.480576671214344
77.4396808345625
28.26695565158052
113.5500075654614
52.35144894999702
67.91113127349564
24.41311233417924
55.98225610286441
34.774594074741294
68.18461893783034
24.43780344712749
65.22876097645802
21.47471666286127
98.47324302449682
29.155564425911447
47.07419700998004
27.532883648640098
55.50462841822179
23.41744591838905
122.38678401939389
18.95178995854669
76.43693126080859
24.64947797241304
52.89605045855336
41.221649413922485
407.1246781773529
52.651304789354654
65.74367225803974
21.544597492181726
66.22420684607106
21.48051512654289
103.4742102496695
36.96832182326456
85.15003577210467
27.63643061133596
65.87875263355151
21.406577204951226
65.53395229634229
20.083046231487465
71.68954069877513
24.748062380644377
65.87875263355154
21.406577204951226
66.66181174632025
21.328316103924795
68.9159305743411
21.495885154963116
66.43907376273644
21.288048945286345
64.06442357195823
21.592227157355566
65.87875263355151
21.406577204951233
65.46582564932082
21.52937970416628
65.13055634960168
21.47404154198638
103.86969560768307
24.385716154273116
92.6648720083164
23.418989697480622
68.76460870712253
20.8295953552441
65.569164163251
21.48895693743508
58.385064973847015
24.425450195689308
63.195303238381356
24.65157209935344
63.195303238381356
24.65157209935344
57.558769802774165
21.327558930303454
65.03500486012571
21.509611656064884
65.87875263355153
21.406577204951244
66.4305396637887
21.337762626166302
55.179096597537054
48.140986570038116
66.05356128312425
21.516087244832985
77.12411832180806
24.809100933769223
66.52295170031381
21.27432818349463
65.90762505558747
21.39412295540162
49.93450709860358
21.278219694157503
52.86717803651745
41.234103663472084
107.99514062914577
57.840508091255366
65.13055634960168
21.47404154198637
66.15224029788622
21.431268317899516
51.52640837537201
22.753999252759517
65.22876097645802
21.47471666286127
378.76841615230035
106.61394607717
143.21357283293145
28.159196296985026
65.53171484773087
21.471113773985188
66.42532530998129
21.48283159959505
65.569164163251
21.48895693743508
65.87875263355151
21.406577204951233
48.87689320180622
48.3331139564002
65.22876097645802
21.47471666286127
65.25499905512953
21.426144975092786
57.63073635095899
21.376805738946814
72.65118584081596
25.249757639808426
34.915447062799586
22.971249402865325
65.27775485819028
21.450586601955344
65.228760976458
21.47471666286126
51.52640837537201
22.753999252759517
65.56916416325099
21.48895693743509
63.42098230007002
21.823776008324266
57.63073635095899
21.376805738946814
61.88475982632306
47.66003302680378
65.60285911843295
21.440984494343702
49.934507098603596
21.278219694157496
65.56916416325099
21.48895693743509
66.80067179232671
21.382304024354937
63.314124735793406
21.648013502204712
103.49171025615927
19.446029926947844
73.70791176417183
23.30515496541025
64.934147095889
21.472691300236598
75.20628904364658
24.796087462986918
120.8829402437203
22.222173097980654
56.575903766932385
21.402481285128044
66.32038557852475
21.39839601957668
49.934507098603596
21.278219694157496
64.82375538643413
21.518547213353266
101.26445650983547
53.91713717795164
65.22876097645802
21.47471666286127
65.3963956263176
21.50238574395122
65.61729532945091
21.434757369568892
109.61687571510127
23.380479947259367
65.18098523172003
21.492501719900527
64.82375538643414
21.51854721335326
65.13055634960168
21.474041541986388
57.35304631916622
21.857556128279754
65.13055634960168
21.47404154198638
65.25499905512953
21.426144975092768
65.22876097645803
21.474716662861248
65.13055634960168
21.474041541986388
56.575903766932385
21.402481285128044
65.3963956263176
21.50238574395122
66.0514797398113
21.44354616574707
66.0514797398113
21.44354616574707
65.61729532945091
21.434757369568892
77.45730135678184
32.501584684304405
65.90762505558747
21.39412295540162
57.558769802774165
21.327558930303454
65.60285911843295
21.440984494343702
65.25499905512953
21.426144975092768
66.05356128312424
21.51608724483299
65.18098523172003
21.492501719900527
66.05356128312427
23.31900648225795
-44.37880209130273
-9.625270882172476
-25.403414211979804
-17.699086923540502
2.5687902991768614
-28.60035206450577
-6.4591745287759865
-14.99987844265425
19.03467421493106
-32.180081844269914
37.10950099229897
20.871595545095193
23.884080033509818
26.73716962248265
-10.002243291216887
-9.357689378603952
-1.6566111755315502
-14.422621525622263
0.5643457475888778
4.736493729316004
-6.281132711362106
-10.328391801519281
5.369665796233943
27.10530162376228
-16.28642494610285
-17.585324934760337
-6.568196814926957
-12.436503613082841
3.571515956300385
6.820361970499398
-18.760863813702745
-5.061744989837876
7.68237824294045
21.7515772073062
6.799052742551868
29.344595719404683
11.481520739034503
-4.890875829943037
7.9284828477693345
14.656722246818399
1.0126411590671445
0.06608230003100032
3.0234048839156307
-13.052772052881267
1.7713697041089778
-3.2895280508893596
29.078769025222506
-8.028655060942528
13.301503469253639
-27.49667801706469
-8.980524820797633
-10.742061482599794
3.4295098685133705
17.591342700636154
-9.557982244077525
-0.5936310602125052
6.164499623719294
11.339277195510045
-9.398305019956217
-13.361420588635298
18.45831474534908
16.585422865782498
2.604931538953883
-1.3664724972602211
-3.8862379986447855
5.739033414687596
-31.9068333615773
-30.02734534269296
-3.3463113597215313
13.968191462053028
-5.695103661278953
7.344282797810464
-5.116641920698635
6.884096514474866
2.1970827416608043
-1.680992038120606
-13.21602141818706
-6.886981072508057
9.338960558043931
-22.507677006958627
-0.2557228800542534
-15.683954987231685
5.179621232605421
-5.7673740176314405
52.06805566856102
6.816950698971101
32.16320018017649
8.336202640820769
-8.011440594990976
-0.6480193514650933
-14.32584087431707
-4.509182810020957
6.549126069639853
16.44191721249845
-0.9306229836156462
8.134587452223176
-25.400525090464303
-1.8341710190415372
-9.650255488740068
-5.507482848247893
-8.527194707809747
14.216029938836028
-19.556878104560443
-25.5268122335977
19.792070857215823
16.984605888961077
26.107449419737552
18.09178796559421
-4.5434040436502245
-4.1954898541443315
19.972438278744054
-5.423698698301065
-34.44406674704439
-12.790699531921122
-6.060984044283063
-13.982277748358445
9.885015706082516
-14.149115724084137
-3.894677768661859
12.656477376813944
-19.156809317360555
5.137907532861792
-0.17153008435246134
4.44827242253888
-20.841340115627663
-9.021162091693688
13.356561075662894
5.929332470981893
6.741849237682857
4.1722032543181795
13.877191132373996
-26.913574872994747
2.1354502863450224
25.22983387253302
-12.156980004522065
4.615814699118988
-12.70189255252542
-0.29167764639871785
-7.883380077470367
-13.906019890931098
-12.08139961315811
5.014312884966138
1.6843575382057003
13.212319715948997
-21.39502117369282
15.709223815142622
12.120670422458756
-0.1436373625166203
-10.18709472234265
-14.380071148082694
18.036806677699445
-4.48470173089127
8.378082664090213
-2.92740903821443
8.898536587364857
-27.850181663844083
5.668206812709565
-7.384286408532919
50.426308974968755
50.85239713896636
-19.69214034702028
7.526090135614078
-9.802970560405553
6.1460978429151725
-7.497074744511864
5.954792748057737
-9.261335019034778
-9.359409286466123
-2.1578272221000354
-19.40263833775788
-2.574084146211298
-7.1019245065080225
32.78809126707814
24.764001145692013
-37.21391943730473
0.9680469163476882
-4.354851396419827
15.539611670445186
9.455633699400082
-22.185456450367784
16.700810996309894
-22.92733851090359
-15.51691366352842
1.0973615315762435
61.54445621584822
2.2569699040481495
14.410030548170969
-0.32130978792403914
2.644914425050358
1.6594941237260723
5.234560026057561
6.619469799217297
12.481661949631018
-10.321475038185504
-8.802106579411532
6.6714140459030045
19.78921694139655
23.244961640441016
-3.5770685565954823
6.477272954161635
-22.020132132558334
1.850666825034746
-4.356568206026537
6.75853934352786
-20.00345024342195
-28.812317083146485
-10.492254525980279
-19.00215596534243
-15.870681863568251
-5.210257203547018
7.370747358238747
14.034462832212865
-36.060966970924945
46.500069399363646
-21.596338060719752
-9.8708279969762
23.53397312536156
-22.581030372457516
12.62121821942344
6.893458801961987
27.596597308637133
-6.322881286548705
8.134580562899208
13.968928126339339
-12.75847909770242
7.305859207983496
1.2512703965309717
19.29256509491015
-12.479208785870275
2.8078946034830268
-26.7778728418466
5.450323226930342
-2.834513644213392
-3.1542419248626055
4.107100892126578
0.6252014433647454
19.507461019538827
8.743499817217797
15.527369737711306
-11.757299110117811
-12.603209359016352
-8.58685885397222
-23.075856887908827
-0.7550206177255466
-9.771594467520888
-16.431882769885636
3.0096414785056784
-0.5119192308001452
6.372310260691854
-5.238149263155083
1.1876579712219377
-9.12426944086519
-6.548277032742747
7.486345458717465
-2.448945376002939
-30.876145164955854
-8.739059847119876
1.6904208146796245
-9.37769203851501
-7.465159019568069
28.28862850212388
9.412613557685491
24.534881931284357
8.55096789718121
-3.7651166046893803
1.341343458109066
-19.97546348048234
5.497266996483204
-13.37193249016467
1.566221433334524
30.328156615738767
15.188350601414676
-27.72301297990661
1.8370795424622315
10.721694302300186
11.885389076596567
-7.553544992201836
19.188437161058314
-25.2723258202384
49.17132571206333
-15.399549755443129
29.212531545753983
19.552460789991194
-8.164027539522172
12.654568114440663
4.689872648010658
11.64890197493659
-25.931611058481266
1.1006092585845764
0.69903058617902
38.00080697098538
-19.59035888482023
4.207346162823474
-0.5573628425651727
-20.421307711376386
-16.189329455557676
-49.74148599238595
2.0383206001628187
-44.102270906779765
11.842029308734487
-30.228898347223872
-4.608783864372766
66.34698202048386
-13.176223152984711
39.45477933344543
-41.47599846259062
12.850129918214979
15.817826106193412
-9.853346745512175
26.56090483603762
-68.1768432380076
26.738854105162677
-18.479646082540746
-7.958614276721061
1.1380388969326594
-10.955592726392949
1.7317205115772871
-0.6643989842022229
-7.192416394315092
-15.480105464125476
22.442983703161374
12.88424557028956
-13.153533662116955
0.4978366034592132
2.234258582960751
-26.867784409286585
-7.281870509709531
9.626362615834898
0.464247906548369
-30.234046694631264
-41.535746268923546
-26.74593466182377
3.9281686904604016
-41.87957565686311
-7.666356312497705
30.80405231038648
-7.380578208347724
-6.972340540997862
23.49882831182165
6.94560604692438
17.41764909779984
-15.193206568799376
-15.546337548585889
6.4653832316405335
-20.225519287043113
0.5184402254330724
3.7898233613057357
17.328745249301942
3.037444376517495
3.8805297752706465
-5.455950661757458
-7.4754570566045295
-8.183908690858381
11.337810632572438
-3.625563611204804
10.436325139915702
-8.733143293790095
-9.946554709634993
0.6711584445178557
-21.85095871721793
10.665249400042642
-11.903165132039614
-18.410717820252213
-1.8576817451477905
-4.917731701838048
7.490901635868221
22.46274279370103
3.915153734433652
16.159292804884505
-0.3928034032482494
-12.470202494761036
-50.14175745260288
-2.6612855631774543
25.45614218339094
25.378901988203342
-4.582933432348188
50.2571143251058
30.855948242355254
26.269907478243823
7.700844145452277
-5.822192686657714
9.103546674224427
22.160733123837755
12.664047304515316
10.005930752795873
7.6384437164315075
4.248515493139332
-12.275879256346242
13.85005829924504
-1.056184183388484
-8.219817932339492
-3.426122631143
-6.531952814167539
-10.330380102795049
18.21275833346304
23.471777797935864
-8.470035370484023
-19.59464930324066
-8.353158064473085
-9.087639389050329
-7.069425690102699
-3.026327014923337
12.767648448133032
-6.760931540113587
17.15182266232961
-26.002236015280374
-4.987852985565084
-3.683950414225942
40.289049706721926
-4.464512422544156
1.4029354834796703
4.777977639963241
-7.613530090968263
-40.75740659859994
-8.813527836772645
2.359445929897458
3.5080334250350336
7.3489020865281045
-21.796171105633952
9.806800757462959
-20.101994664718216
1.5409936427566613
10.044108446498782
21.37697270836936
-1.5048536087133606
5.405431520363936
-6.972957599826097
13.648561912323112
36.637551226193835
-13.912032050153131
14.473693478863881
6.839203502569991
-0.6559601036862001
1.262239264567685
-3.8216183653339377
2.6175693956850883
-7.340239396654469
10.627573259575867
0.7925794924482283
16.394260063559248
1.8604314350888538
25.81215190202708
-11.300825057579237
-5.287600886266046
12.333665037728725
1.599386386497897
-39.46682059890288
6.750365450663508
-2.4848076973818127
-9.773332732102183
-14.251392129649455
-33.85579007137817
-34.2474903509515
-55.290978122550996
24.770439208065415
9.381364636605946
17.20381920278733
-6.876342245159119
7.385636799140886
0.7007295296681539
16.158850982701782
-18.843006500584533
53.98595240621102
10.174261234630961
-13.6535293943376
29.347189048759674
-3.5507420546631185
44.29286851214142
-2.664762516261063
5.223069048276675
4.066066502568619
46.12992617166695
-54.936583848565675
-6.796116741153979
8.472894342194724
-6.807533602305877
3.7486724698459812
-21.914312165136014
-2.1481444291120653
-2.404446498911202
14.392555169410448
-25.766698433091587
21.069838892427068
-31.505486593558913
-0.059039842660534816
-30.841847959673768
-2.689801577033141
-31.590645750093504
6.817333066312706
-27.483540412700787
14.418418244461837
2.736808393875543
5.399532247596701
10.787303115521794
20.650709487960306
7.0675418026736585
-4.381182032518757
28.37217076602209
-5.100896942355598
0.2550706021391076
-31.69186974878389
36.41637121199051
-6.324806995349636
7.059853927564197
-6.285534010401863
22.226718779966163
-24.79082278922802
19.782247506010464
-32.44334622964969
7.8471259108010205
21.63069516079544
20.055678712620825
-6.475516954462037
-9.719948418806776
0.055076822676240006
-9.565213194449031
0.41330969811294155
25.57856032193341
-8.934068487870057
4.337946410760214
10.343678108709089
23.534939562747365
-5.646236776346003
11.589404898150931
11.49362088175867
7.9774916952615795
-19.7375158808313
10.763682049201254
-38.93730306540344
-12.133135776872374
-8.698415715580582
12.426336781852893
-16.71705471263176
-32.738180002081535
51.40071264672379
-2.648337250475088
-6.468459874297417
-9.311169590322795
18.319133224527643
-8.18000069904558
-9.940332674867598
3.4137141408358334
32.84567230399506
-6.069942920886475
0.36431175129780297
9.112380142805378
-4.094775144887474
-27.833827519516042
47.183348777013556
68.41883929040162
13.167317877813312
43.97492105491884
-25.699181186641127
-8.98448207693122
21.573423485150087
1.9972929042393128
11.35163206509656
-18.398781365264444
14.972258567654691
-1.138291724428989
33.589071555271644
-20.491920732429293
25.842757812606003
9.00626936401755
26.25088647686338
19.699147990984574
-34.16158926425615
-11.679889004126071
-39.97001792362316
-22.21830620719245
-29.25561038789453
-22.581235475391953
-29.66023484052727
-17.58829970823875
2.0904343720436867
15.567654554142246
-19.490972833528282
0.14769004134674024
-26.151469914106823
19.00595349614002
-27.51646129280605
2.256501770553933
2.4369162375846494
17.37516549362327
5.303904743419843
5.444932326412097
24.201025597232466
30.57417831544403
0.25878833790837663
-14.924881559498285
46.26040044163093
0.42618916003111085
11.261408643991585
-12.142268682000893
-23.372661257733853
-19.231798623000355
-21.509231892019365
-17.6336814855114
2.757790086469507
7.21727965342039
-3.480138608236603
25.2308249952661
-5.70235015019602
7.893877543926036
1.2273736793240357
-6.301314836955136
13.772886783760402
-11.210046227462016
10.945578357596682
24.876831620627918
-4.947841216083261
8.130631198689663
8.882265703510585
-13.028632360559198
12.99958376411286
11.290990891526624
-31.297137346392027
9.308996267019873
-4.6032912329486715
1.7627641246420505
35.91379171130637
16.188375083028298
35.861633720411305
-1.1710257465690799
-11.169091968994474
-10.683475897339877
13.328357423442576
-37.248036647269494
32.19327162102713
13.375762183776546
-3.7459935607915784
17.353170377374564
7.532841576546515
-8.662493438660283
-40.568500951596185
2.234622041332276
-33.15983916454611
-2.05915116530434
-27.074184004462442
10.684109770163747
-11.919479721371184
-30.194624748929314
-7.014691464930847
7.546635128842994
-9.216620518202095
-13.386531767926698
-24.169607339405974
-10.968819485039681
-16.88613272332974
-22.055860526363567
-5.488482099674479
6.905835688939035
-18.985125529352903
29.022028286934802
-8.217699137117403
-4.844262826148965
2.8630910129225624
-10.855202212559497
-9.644811964048738
7.0982926143177005
-34.26400026945427
-32.067822513960394
20.333842616706672
23.906590827577094
97.2078452379536
46.39424746130891
22.381564343752046
-11.048375169832235
7.3835643964241235
-33.01404462314917
38.663212576301895
31.1802759210965
16.965577698641596
21.3799310331617
26.05250172617352
34.93961346269297
8.362420411902251
-22.180406275850608
-17.113651588823323
16.411435312131402
-42.72750713512955
-11.229653070769745
-47.01070700235547
-5.4334206425738385
9.980877722419102
-6.568721132617261
-13.683659059677355
-0.4581636304327559
-11.863139341968543
2.7012714431258646
1.9341409590747638
0.9090205966790534
8.502700798376505
0.31415290106192545
5.1078774565585885
-23.29023296723942
34.26934940288537
27.83187665640981
-16.85223638913317
-33.051510317320464
-6.1370176241931285
-1.0638973959449503
6.215904060974432
7.498904803538902
21.364180840259884
-4.373640438290816
10.571867044619603
30.669420677523863
-46.158342635420475
-4.266411348053248
-20.22807503181851
-22.21516572488115
3.5305565061978177
-4.054829345130382
1.8317898441626275
-10.186151034365146
-2.792292075312743
23.05153909130677
18.087344908428214
46.60972899269231
2518.158001756877
3116.0691908595886
2079.5239764560697
2884.1135076022033
2424.262181473388
2976.3751362946387
2414.210307437194
3360.109805324488
1977.8469258645268
2507.443863602112
1372.9592449592851
1809.3701307446515
2527.492715432647
2890.301573397906
2219.64437784854
2951.404064492145
2995.987046213508
3816.062236838318
3081.7408271252693
3911.7601900431696
2565.857851784272
3262.967057438718
2814.3838800085437
3819.7673177265997
4245.835700249812
5475.643099048604
3958.079444279586
5016.820158824039
2750.7979579775892
3261.7576890903365
4278.975989023118
5749.670655660663
4096.212246236931
5291.9789310025835
4124.707586302725
5356.492350428194
3436.1612587796303
4225.243948491839
2199.3175750553987
3100.9128620238553
2048.228002629447
2725.9694365252594
1916.444127139397
2507.199947965428
1350.0460776954963
1898.2559218367846
540.0186796212889
177.52413045521803
339.948621793808
134.66541018683841
200.85405646958915
59.568898125144436
336.2748249556239
73.69543250078767
154.01233869756658
121.59249769193603
95.36149905286743
91.832672437506
