6.847823306179409e+01
3.114160824620181e+01
7.160668247157706e+01
4.092552348979741e+01
7.599694207396070e+01
4.244536077773972e+01
8.646000197146861e+01
4.673225410167532e+01
8.646000197146824e+01
4.673225410167418e+01
1.079783363658508e+02
4.718630588108752e+01
6.284487118726072e+01
4.416125891782900e+01
7.158780696067736e+01
4.322444445024250e+01
1.055370659689098e+02
2.682441750795667e+01
6.517683987104448e+01
3.942834645723093e+01
6.765030852660553e+01
3.843852547457681e+01
9.767511430915411e+01
3.667090956953853e+01
5.591725427659605e+01
3.192562857284149e+01
4.881910817412133e+01
3.870750370936683e+01
4.934644934615037e+01
3.435803356744457e+01
9.679225324819787e+01
3.448705345376899e+01
6.735966206501486e+01
2.813493449034956e+01
5.867978930790795e+01
4.905726865886165e+01
9.058795641913291e+01
3.175583081838599e+01
4.439770162400104e+01
6.009345996021191e+01
6.084145912507002e+01
4.740394733676027e+01
6.240045331705673e+01
5.072144903399919e+01
6.785170247610566e+01
6.075824904977588e+01
1.860044310797550e+02
3.486072351411057e+01
1.932874287095097e+02
3.534321234505819e+01
1.043801488309695e+02
3.233629154047087e+01
8.877378440480717e+01
2.785275494196183e+01
8.182630720862656e+01
3.339192432365179e+01
7.965417636565458e+01
3.189633379663584e+01
9.534458933525293e+01
2.542034994735903e+01
1.071301790394970e+02
3.173989175166800e+01
1.447992868756862e+02
4.780249008765750e+01
1.182470510824062e+02
2.381667320557540e+01
1.602394985529207e+02
3.657262889736371e+01
8.552243694257535e+01
6.168027149454723e+01
1.234286512460629e+02
3.631876808987592e+01
1.046254984982329e+02
3.301221622392431e+01
9.735138102013084e+01
3.159068081795390e+01
2.914571240395675e+01
4.472394489235140e+01
5.154512083485712e+01
3.406413607036767e+01
1.048375443352719e+02
3.874917785733440e+01
9.590437539169504e+01
3.901516862452103e+01
8.574173262495958e+01
3.665243443310423e+01
8.267722540918496e+01
3.319878876091114e+01
7.864359707399711e+01
3.774334591388173e+01
8.879758031302980e+01
4.078214261253408e+01
7.822780288494683e+01
2.766986661866396e+01
9.081735941584157e+01
3.654662470089148e+01
9.994742848080398e+01
3.565195769533437e+01
8.858035514553168e+01
3.882129890040945e+01
1.057858109313973e+02
4.573090517314152e+01
1.013538882789961e+02
3.368230190386413e+01
9.941822182127405e+01
3.347156459371256e+01
1.257014415430558e+02
2.374194461529951e+01
1.215057414909220e+02
4.217179362767414e+01
1.314309991905912e+02
4.765924524441357e+01
1.315462774411407e+02
3.006312377590876e+01
9.761715011969606e+01
3.096892705844607e+01
8.822464941466322e+01
3.433729087380878e+01
6.912922342691357e+01
4.041246903991092e+01
1.045545583179344e+02
4.714549104539204e+01
5.394205104115607e+01
5.542924982997194e+01
7.400880198698346e+01
5.336427405105493e+01
7.575869747900383e+01
2.803694252751196e+01
1.517144089795128e+02
2.195237769018758e+01
1.398524877819464e+02
3.630818697601625e+01
1.166596321140570e+02
3.815402919360517e+01
1.588092569816877e+02
3.086826930153161e+01
1.468889022488184e+02
2.643359663564799e+01
1.669526335577827e+02
3.113295294466929e+01
1.340114074424030e+02
4.483612619202427e+01
1.549291734840912e+02
2.759726516953579e+01
1.335824300476217e+02
3.219833133352389e+01
5.554546984954712e+01
4.956827132249661e+01
3.367176965538611e+01
5.273102175447562e+01
1.427242915184289e+02
3.649375552872831e+01
1.342139253318536e+02
3.443083615723702e+01
1.145680717711736e+02
4.037473381846976e+01
9.346825374576377e+01
4.940956504844119e+01
8.923070959039354e+01
5.524376666434261e+01
9.797956308344151e+01
4.010188087860163e+01
8.646182084187450e+01
4.451392783850996e+01
6.675964577039795e+01
3.452815329415873e+01
7.861953689684003e+01
3.349550675829954e+01
7.501281622874325e+01
6.324809148191182e+01
6.067651964146904e+01
4.227379363610510e+01
9.469250685555534e+01
3.785509709284617e+01
7.701868984669431e+01
3.592172351217447e+01
1.036499883886079e+02
2.819065605472476e+01
1.107967492895587e+02
3.421672645483471e+01
9.742968109233897e+01
3.274900605787415e+01
8.383896955987082e+01
3.312702477441425e+01
1.255515642088937e+02
4.020084579238521e+01
6.884430685027760e+01
3.260340652115695e+01
7.977995942755038e+01
3.816817717386044e+01
1.167803163674615e+02
4.443532198881665e+01
1.172741671895805e+02
5.330285212078270e+01
6.158738267984742e+01
4.824882488143161e+01
6.925471405758830e+01
4.971312699945525e+01
1.475557702243354e+02
3.089061172085221e+01
1.101755321547191e+02
2.401605976235533e+01
8.074083369905367e+01
4.032767662017621e+01
6.951396824426512e+01
3.910540022129863e+01
1.078192420555420e+02
3.698017526406117e+01
1.104599242745191e+02
5.172126708165448e+01
1.261503372441180e+02
4.524528323237771e+01
8.569385464148775e+01
5.217274136083385e+01
8.265290355818765e+01
5.004018711034850e+01
9.220148899212182e+01
5.863440311417524e+01
9.504116888760832e+01
5.138890589531774e+01
1.882679898382893e+02
1.675619238213240e+01
1.669310452609937e+02
2.256187432022157e+01
1.503185122308698e+02
4.078095912521026e+01
1.159639897340343e+02
3.514444140586285e+01
1.356794468376969e+02
2.665683646032567e+01
1.321521844657425e+02
3.238811841784797e+01
1.283789088343009e+02
4.755960335458872e+01
7.032771597159302e+01
5.193562967843039e+01
7.391882302535009e+01
4.481002664292226e+01
5.723372840879341e+01
4.423882094674011e+01
6.332738251948678e+01
4.246478025984172e+01
7.112255498666481e+01
3.872547233641383e+01
8.926718340494281e+01
4.384529896889391e+01
6.716655158111877e+01
1.468442159195193e+01
8.954112257403787e+01
3.973508802448961e+01
5.003799054400876e+01
4.284661555090690e+01
7.174883794792126e+01
5.465360897195691e+01
7.310485810456836e+01
4.346925717844191e+01
7.192253617831679e+01
3.704499109411585e+01
6.347224661791040e+01
4.596665834778888e+01
7.379233566179779e+01
4.807239381961183e+01
1.080611306490636e+02
2.982965751453258e+01
8.129801852714994e+01
3.130606078916000e+01
8.476228841906050e+01
6.672280981474941e+01
8.668749385097365e+01
6.378463527578263e+01
1.090074271077431e+02
4.833141474887890e+01
8.402073677459370e+01
3.266983720325374e+01
7.788937026473839e+01
5.088894890547719e+01
8.861908080679721e+01
2.839729923574813e+01
1.470508474055016e+02
2.345626018769800e+01
5.304016922452362e+01
4.769357466525754e+01
4.606130895091541e+01
4.378600849959457e+01
1.050293222938331e+02
2.474444295660787e+01
9.870544277444672e+01
3.161061301719395e+01
1.184597016690199e+02
3.690904542985615e+01
8.039876153118718e+01
5.421127736022653e+01
1.064942619629907e+02
5.164528848129755e+01
6.796298479227345e+01
5.563457207078763e+01
8.383287886256943e+01
4.571246320330545e+01
9.948704643963413e+01
4.791039110249955e+01
7.606649609583262e+01
5.728799450861607e+01
8.877894171676915e+01
5.239450958224392e+01
1.047588091018999e+02
5.602207030243839e+01
8.877894171676870e+01
5.239450958224607e+01
8.572264062383547e+01
6.148171323992526e+01
8.866927700358151e+01
6.038333378694775e+01
7.422816666005443e+01
4.684958317277543e+01
1.005648354805127e+02
4.736933287248328e+01
1.069215563958838e+02
5.388321814574365e+01
1.145252623623485e+02
4.812361505170125e+01
1.151279379875250e+02
4.315279203236256e+01
1.146005968154957e+02
4.750226217428467e+01
5.094664865999449e+01
5.023310750833195e+01
8.093796409263454e+01
6.168249187718221e+01
7.185184640339162e+01
5.250907045796728e+01
7.933712579741096e+01
4.576934278347260e+01
9.737710906097877e+01
4.556801459110810e+01
1.090120298589286e+02
5.313026215025166e+01
6.704716380242863e+01
5.461236945231650e+01
7.812082848764960e+01
4.388770000812904e+01
7.874829185788690e+01
4.486422830759143e+01
7.804759225488661e+01
6.676930040367348e+01
6.608654677313677e+01
6.546433017929235e+01
8.652593603792356e+01
6.455408491578081e+01
9.263853822378921e+01
4.637967760042113e+01
1.019630749011854e+02
4.975779763615457e+01
7.622811840305204e+01
6.143577117087938e+01
9.153139808110670e+01
5.491763985957276e+01
8.883192606610442e+01
5.777151947447844e+01
4.001329280905929e+01
6.477064330856403e+01
6.459520318588665e+01
7.877887505810742e+01
4.956398551547655e+01
5.070112349115066e+01
6.424370398789839e+01
5.737444635078011e+01
5.814016482635804e+01
7.237010738927574e+01
9.302726906265633e+01
6.666917040643759e+01
9.646962458331932e+01
5.445285016823961e+01
9.564094559870175e+01
6.128773181983158e+01
9.914606727421958e+01
6.796488267633974e+01
1.235028865171976e+02
5.394824708212346e+01
1.134269599112337e+02
4.970350122021842e+01
9.124107646433677e+01
5.799053718668146e+01
1.150650190886365e+02
5.658840578583949e+01
1.149143501823425e+02
5.783111154067362e+01
9.071746582457700e+01
6.652876307440194e+01
1.252861887856117e+02
6.156847177603952e+01
1.476227411388031e+02
5.203873005474252e+01
1.227478467027135e+02
6.632855748522709e+01
1.293542492555531e+02
2.801541639549473e+01
1.031233346628165e+02
5.348959561949459e+01
9.385855737034059e+01
4.536932783825077e+01
1.138392698239773e+02
4.060628957355162e+01
1.076555981850770e+02
4.308084203018342e+01
1.196423312851378e+02
7.844356038647064e+01
6.660152670979168e+01
6.449215477393598e+01
8.256111388044765e+01
6.183706871599649e+01
1.043590042397496e+02
7.552003680873177e+01
1.740120549772475e+02
1.350500558128393e+02
1.200180313547314e+02
7.534433281109334e+01
7.317168381226450e+01
7.028474182588613e+01
9.408734258146973e+01
7.570961662463857e+01
3.710855890215539e+01
6.044278577286941e+01
7.317239569695417e+01
7.254197558305721e+01
1.140648865899196e+02
4.862886809709243e+01
1.114281807297727e+02
7.037621880670555e+01
1.028694042125594e+02
5.685332724556771e+01
7.838342390669544e+01
6.741532419074798e+01
8.574106371852319e+01
4.555239014808257e+01
9.884918322950251e+01
5.390458043276450e+01
1.019462495618586e+02
5.424176012900674e+01
7.753120946198560e+01
7.458313469142773e+01
8.918571404408144e+01
5.261705434850680e+01
7.950967149152874e+01
4.773604501001571e+01
1.145845886526459e+02
6.934805473021908e+01
1.130465165122777e+02
7.232837673121564e+01
1.114666002686730e+02
6.271305133574170e+01
7.771178699461406e+01
7.270593437162287e+01
8.855151915785666e+01
7.388606330847119e+01
8.684185605957566e+01
7.181126736606750e+01
9.524160991716849e+01
6.076421701168146e+01
9.921582419784802e+01
6.778199170668088e+01
9.743082664641953e+01
6.632854864169413e+01
9.241901590796141e+01
7.207845533353627e+01
1.241325627371715e+02
6.608781167266585e+01
1.129167144508919e+02
2.471866068562477e+01
1.353683958636893e+02
2.530367616640303e+01
6.981373378992268e+01
7.945906799134441e+01
8.885024577541796e+01
5.509029308305143e+01
7.207376738433447e+01
6.081848166882043e+01
9.192898359052684e+01
6.912692747768881e+01
1.008770006717671e+02
6.002823067961542e+01
6.221597664637382e+01
7.155804372217582e+01
8.343297322816790e+01
7.449750701125880e+01
1.018333192385776e+02
6.831655539619423e+01
1.128153409929949e+02
6.086170338169409e+01
1.130413443524354e+02
5.899764474944120e+01
1.191496815381892e+02
5.714444517022468e+01
1.206563706011295e+02
4.471738762187612e+01
7.957952250462749e+01
7.299481839854101e+01
8.434440783202697e+01
6.281114664071599e+01
9.018279028261971e+01
7.289009411852403e+01
8.750896637101337e+01
4.587320820561214e+01
6.858127918857508e+01
5.640362996259949e+01
8.615294621436637e+01
5.705755999912687e+01
3.474500721319880e+01
7.503383974779845e+01
6.760949289123451e+01
6.602072662390179e+01
5.038100778126798e+01
7.547703247417378e+01
6.508161183414572e+01
7.392972418220711e+01
9.608039942669463e+01
6.241244423815427e+01
1.358984017819795e+02
5.903996334367284e+01
1.556550219152116e+02
7.104390432165943e+01
1.028123342892433e+02
6.188624533783369e+01
8.899482162251226e+01
4.967949540255623e+01
6.691565833457993e+01
6.852111815819366e+01
4.054875040632294e+01
5.305944334366411e+01
5.471990601468863e+01
7.852534101485999e+01
5.316091182270122e+01
7.520783931762098e+01
9.122685227412487e+01
6.642081905172000e+01
1.090245226593579e+02
6.521069045599509e+01
1.094535000541394e+02
7.784848531449606e+01
1.087985192999165e+02
6.707474908824834e+01
9.218317084093528e+01
7.470914376829954e+01
7.933258231358812e+01
6.766333909030335e+01
1.092821538994462e+02
6.441139355948660e+01
8.515014296901840e+01
6.933878036667936e+01
8.208445971409061e+01
7.844833621779057e+01
9.364615333137722e+01
6.396820083311018e+01
9.267206614406091e+01
6.022595731635580e+01
8.013515101128979e+01
5.356538166502317e+01
9.464113478215371e+01
6.332886755266136e+01
1.017724266402256e+02
6.420714332130956e+01
1.069244452591699e+02
5.406561902551471e+01
8.836296931665706e+01
5.834036454629715e+01
6.922351637329881e+01
7.676296368440113e+01
6.087817491723446e+01
8.089083746313482e+01
7.452620389853681e+01
6.537873363377160e+01
5.441619478984683e+01
6.948488930643295e+01
1.061876629259160e+02
6.093000649150979e+01
5.955954313075059e+01
4.787124826480969e+01
4.578387456725602e+01
4.826014572600178e+01
4.540720230152002e+01
5.136691011309074e+01
5.478419677754163e+01
5.490600817351744e+01
6.249701117016189e+01
7.484896846322596e+01
1.377447060537626e+02
2.418574485873212e+01
1.273967174401553e+02
5.453688187509239e+01
1.219350072552962e+02
4.135117001019668e+01
1.245465765188595e+02
5.863346724483178e+01
1.014510829154658e+02
6.540144230308684e+01
6.841500627951652e+01
6.935943748358065e+01
7.940751462153685e+01
4.663312484435455e+01
7.444800901212402e+01
6.812759078178431e+01
7.010877632511304e+01
5.825966641143194e+01
5.669931900154515e+01
5.239288763642020e+01
9.486438493233656e+01
5.465928028313417e+01
4.664431444719929e+01
5.444596547275074e+01
6.741976533592133e+01
6.426245787545662e+01
6.408642280842746e+01
5.419753002834236e+01
7.652910053937562e+01
4.862707223765819e+01
1.505742913887200e+02
5.091076540115983e+01
6.198585021914749e+01
4.517269274294633e+01
8.173342428736512e+01
5.423010718745145e+01
7.705644171140554e+01
4.427760209573517e+01
8.359679092268176e+01
6.727666355045804e+01
9.504199641423773e+01
7.606187576942955e+01
8.061562984366584e+01
7.574402169306067e+01
9.511328195366812e+01
6.592272844484945e+01
1.014018947236150e+02
6.344165164304195e+01
9.170264038338696e+01
5.609014139404943e+01
9.034662022673993e+01
6.727449318756403e+01
4.408155159058778e+01
7.585234376186908e+01
5.477061484753528e+01
7.827517845355213e+01
4.601721804830905e+01
7.606308107202030e+01
4.677056257977885e+01
6.984955229784497e+01
1.004202987637412e+02
9.857188953858812e+01
8.860616601349894e+01
6.658219324763033e+01
1.174046984940783e+02
6.845839968303584e+01
1.050164331646570e+02
6.710968089806721e+01
9.585296539696023e+01
6.727461727025400e+01
1.091347831383369e+02
5.801818967709641e+01
7.356036441948916e+01
6.673627056678060e+01
1.325882074654755e+02
2.467167439389802e+01
1.451899078560452e+02
4.367115851873714e+01
1.365852940465790e+02
2.254237729212511e+01
1.198570424076934e+02
3.179206919825677e+01
1.241050475888719e+02
2.910677943147250e+01
1.345346171364687e+02
4.661067302929552e+01
1.213200178694508e+02
4.062180561149199e+01
1.041770904639037e+02
4.141696489665106e+01
1.813316739972145e+01
4.986601017693898e+01
3.722198451426240e+01
4.124179451423473e+01
1.032804221192766e+02
4.649486710919079e+01
8.727821031128110e+01
5.230735061901812e+01
2.646815479406520e+02
3.766795965228349e+01
1.212951182860715e+02
6.673787630654898e+01
7.690704521886315e+01
5.068433045957107e+01
1.099654250769248e+02
3.441528515069828e+01
7.626390666094444e+01
2.445063225582853e+01
1.037608313864051e+02
3.059201390909616e+01
9.744741289282823e+01
4.060709581879897e+01
7.611661442502488e+01
3.187091964647184e+01
1.333799664744959e+02
3.178394327981804e+01
7.083035642972582e+01
4.562309636724230e+01
6.244228879155578e+01
3.843384124230940e+01
5.691359790687786e+01
5.168212992519081e+01
7.083993537666650e+01
5.005052670916338e+01
9.250893867734339e+01
4.926187273374018e+01
1.317939878252314e+02
4.474483666757664e+01
1.025434486257705e+02
4.659674749667586e+01
1.199247099145150e+02
1.323400007032538e+01
1.967668968574567e+01
4.307539001421050e+01
5.853022672066906e+01
4.289851861328599e+01
4.965754409257534e+01
5.137586253394250e+01
4.638888680230789e+01
4.598356489429964e+01
5.411769247255214e+01
3.952836177379657e+01
7.722912071332649e+01
3.885460742028851e+01
1.546422360192984e+02
3.480720640157822e+01
1.289512308968838e+02
3.641709151153347e+01
1.635584035516734e+02
2.303479901362848e+01
1.588479306258032e+02
2.629929419579988e+01
1.420505301831005e+02
2.572965908333326e+01
1.403178377607184e+02
4.002077526393457e+01
1.607312919544795e+02
1.076547226036276e+01
1.935078748810759e+02
2.188853598600752e+01
6.644483099435909e+01
3.383217970116521e+01
7.286496701850830e+01
3.264248046139772e+01
1.087198014983254e+02
1.514116436380716e+01
1.036200880084273e+02
4.102724790518936e+01
7.016549500350706e+01
3.549636007630315e+01
4.187629797336063e+01
5.212126284113181e+01
3.810332883516492e+01
3.471252322040594e+01
1.095141157011319e+02
4.047519415511843e+01
1.063207928640118e+02
3.446154363805785e+01
1.736689416824196e+02
3.625383548136289e+01
1.728109868928574e+02
1.097824576436057e+01
7.038573327224455e+01
4.007040315350375e+01
1.064611550399995e+02
4.550043664592068e+01
1.379263277520321e+02
3.815412710416565e+01
1.649557665645602e+02
5.075964398846700e+01
1.517348280990747e+02
4.413386600522801e+01
7.547698760303675e+01
5.277675312573861e+01
7.741536087390978e+01
3.967057245990532e+01
6.568207629871155e+01
4.909558990118556e+01
5.946702158238260e+01
4.212340681046553e+01
4.113154899931228e+01
4.453409369899536e+01
9.911785452449725e+01
2.566491821059519e+01
7.200595581809878e+01
4.222941984059976e+01
8.166336605508873e+01
3.698528269312131e+01
6.775795063691835e+01
4.491470960738381e+01
1.695369060403980e+02
3.416386089842900e+01
1.396292788142317e+02
4.790577132252083e+01
1.092173397401375e+02
4.963123976552922e+01
1.196699386118361e+02
5.076922124034626e+01
1.671505087465174e+02
3.036331020172382e+01
1.470509606636367e+02
3.761837772350148e+01
1.475307379866492e+02
3.680463169251496e+01
1.113889644651120e+02
4.156764057331372e+01
1.693543479386786e+02
1.640064138667901e+01
1.498151688889167e+02
1.617825085890242e+01
1.135083276902172e+02
3.740768422099803e+01
1.471366189255338e+02
2.532995417204334e+01
8.848091563753478e+01
3.990497278523328e+01
8.666453500867945e+01
2.900479417289417e+01
1.984007193624215e+02
6.899253923098026e+01
1.483228016489601e+02
6.671363984316658e+01
7.209386489996835e+01
1.411993482831378e+01
5.897317709069532e+01
2.528256851575494e+01
6.442442624974433e+01
3.531936853153122e+01
6.329440945253886e+01
4.463966169279319e+01
4.524981365624721e+01
4.141602522253375e+01
8.699595285112132e+01
5.073063623986208e+01
1.310663819323263e+02
3.664197581660827e+01
1.041281814563228e+02
3.559785956877090e+01
5.228304567418650e+01
4.870771156438706e+01
3.866850704279514e+01
5.100281511986227e+01
4.114000111357258e+01
4.826741459097737e+01
1.806267252720317e+01
4.449586111432625e+01
6.308465900387175e+00
4.762305485737026e+01
5.467920529181723e+01
4.659366391291956e+01
7.253210478064966e+01
4.756583791702531e+01
7.003771407347081e+01
4.225783520144304e+01
1.968735684859919e+01
5.314457726051310e+01
4.405583216427729e+01
4.950204367018522e+01
1.407563115729257e+02
4.715116697830950e+01
1.172395445659667e+02
2.759290679403964e+01
1.455421189519433e+02
4.326531891872057e+01
1.416603250106903e+02
3.969493244929981e+01
1.544357236316551e+02
4.108579869629919e+01
1.150025402956564e+02
2.986758099355787e+01
1.461447945771198e+02
3.829449589938002e+01
1.020534434442960e+02
4.608533262439966e+01
1.651577444216142e+02
4.730185580730576e+01
1.635987502296275e+02
4.398435411006677e+01
1.662877612188200e+02
3.798156264604369e+01
1.058211221006867e+02
3.791398160530340e+01
1.623173452986906e+02
4.305001093031608e+01
7.339493688412239e+01
5.191490305683914e+01
6.216807142933563e+01
5.069262665796111e+01
8.624566995823403e+01
5.268441642642106e+01
9.004166842053095e+01
5.372724392414116e+01
8.579366323935177e+01
5.641253369092571e+01
1.080967252426322e+02
6.009979224351693e+01
9.516019668956410e+01
5.680271990223519e+01
-1.184131888316306e+01
4.966664317589886e+01
-5.708322253616343e+00
4.407199325150025e+01
-2.087757731853617e+00
4.634740133008960e+01
4.936281638615382e+01
4.132152573837838e+01
4.511481120497496e+01
4.400681550516389e+01
4.043257078928427e+01
3.619334418333140e+01
2.034172043696270e+01
2.687971231164422e+01
7.978386361514316e+00
2.130211309885864e+01
1.156328340171585e+01
3.673052810195662e+01
1.131616157840757e+00
1.992701048918981e+01
1.975904750563319e+01
2.697577280883295e+01
-1.930429287961413e+01
2.458438833523812e+01
2.074474912067652e+01
4.462264283512331e+01
1.267268915251706e+02
3.372931381332827e+01
9.196394989459149e+01
3.338893691150903e+01
6.375552474089766e+01
4.605673142888553e+01
9.066006166486035e-03
4.471461806472603e+01
-3.451791148456178e+00
4.433622947941379e+01
4.929166134569419e+01
2.065646039100759e+01
3.431425198766759e+01
2.528411726405344e+01
3.511278882336722e+01
3.476921473044257e+01
-2.893607061838194e+01
4.919159159614213e+01
-1.626589936343693e+01
4.431167566622204e+01
-5.498788215722522e+00
4.548888459830451e+01
-4.335350008179745e+00
4.874868449810789e+01
-3.534299534464602e+01
4.097286598084307e+01
1.111115433588608e+02
2.219956422667746e+01
6.247295650475320e+01
1.249736640690974e+01
4.371768425455073e+01
3.379798491146399e+01
7.068726780798198e+01
4.428883670665389e+01
5.206302571061488e+01
2.967011113272978e+01
3.930854914126844e+01
3.457706858396612e+01
7.429075326074822e+01
3.397872256273855e+01
1.091118274481245e+02
3.147417044722898e+01
7.376341208871854e+01
3.832819270466099e+01
7.645242307791140e+01
3.232540124063728e+01
8.760299992685427e+01
4.400347799540376e+01
1.343268423748581e+02
5.979276220325532e+01
1.394893220196109e+02
5.280014975657762e+01
1.727922132977589e+02
4.435914230294793e+01
1.826316755184719e+02
4.731903494798647e+01
1.332941565344226e+02
3.691118932674155e+01
1.604144089941479e+02
4.615933536709662e+01
1.948063853297323e+02
2.907765898621861e+01
9.114578040593328e+01
4.430980213309425e+01
8.484493021064868e+01
3.481006007067464e+01
1.224907358384391e+02
3.832111824077985e+01
7.630258831579155e+01
4.399501156136429e+01
1.567777747041574e+02
4.410183491575373e+01
1.480009207464556e+02
4.700688066545830e+01
5.536723926428905e+01
5.077199039152775e+01
8.305931152300616e+01
4.596448087390843e+01
6.195949349759546e+01
5.499931210387878e+01
1.288617438416940e+02
5.718690982159440e+01
9.283742567644771e+01
4.696937215454326e+01
1.216359777693453e+02
4.629452549681911e+01
1.875608442218121e+00
2.819038740280228e+01
4.981383381001645e+00
3.792774392606572e+01
2.819073717596105e+01
4.583405571376014e+01
4.505156832921406e+01
2.888193323597939e+01
1.117872449203775e+02
3.576104865016744e+01
5.258623381589921e+01
4.759509534190464e+01
2.057977297117300e+02
6.734794463987316e+01
1.410518942384537e+02
4.159745230743620e+01
1.694967837773981e+02
3.021451100692336e+01
1.672619066121602e+02
3.809241045227404e+01
1.484200149086784e+02
5.115039118096052e+01
2.212223596093575e+00
4.092807726323750e+01
2.425141631850164e+01
3.268687631136202e+01
1.186925183695812e+01
3.066871671623274e+01
4.114957360289062e+01
2.697833192153760e+01
2.842409655438079e+01
3.874391403323389e+01
1.364206204505506e+01
3.211558347504875e+01
1.477705475079057e+02
7.397004902087997e+01
6.121443227755711e+01
5.280600383027598e+01
1.058540466340281e+02
4.696352066156985e+01
5.463316632130229e+01
5.208949697576104e+01
9.376844378044032e+01
7.795788642686608e+01
1.580811935419803e+02
3.881304826708866e+01
3.213995879030834e+02
4.817413032457345e+01
1.388103244437176e+02
3.923323413727475e+01
1.706954622308422e+02
3.829770841980432e+01
1.547180371910097e+02
3.071683731749734e+01
2.351148163762625e+02
2.002075189118577e+01
1.602146986357054e+02
2.245368371268670e+01
1.437709411346367e+02
3.514319633613795e+01
1.561398149988791e+02
3.196672574780164e+01
2.055567062798080e+02
4.811305157606846e+01
6.370358231419159e+01
4.037733921617721e+01
9.689032785643457e+01
3.517663828084857e+01
1.220731715627264e+02
5.684223396191176e+01
9.927800103303869e+01
3.165925832649613e+01
8.457560262845358e+01
5.666724374562169e+01
1.216336810861398e+02
5.188801743059256e+01
1.590349414596510e+02
5.721902700236453e+01
1.668669353338856e+02
4.977233794832522e+01
9.407895814171295e+01
4.584940542261833e+01
1.379652279667126e+02
4.622045102808768e+01
9.692909906300821e+01
4.175282005287805e+01
1.250892244352052e+02
6.042252251749768e+01
1.030317307716157e+02
2.379475752945705e+01
1.037620459789847e+02
3.394714087828927e+01
1.146143464405197e+02
1.561244584301301e+01
1.223779343230245e+02
2.275321878185388e+01
1.024688896951174e+02
3.829792412206877e+01
9.394149625533154e+01
3.422176810828447e+01
9.739431280180426e+01
2.515435971920554e+01
8.777779811814753e+01
3.970673118197953e+01
2.471117091126232e+01
3.407486419922642e+01
8.964682185541763e+00
3.861843471998047e+01
3.424453070709763e+01
4.022970597831549e+01
7.716308708681642e+01
4.617519258473472e+01
2.176973430085364e+01
3.385363447700679e+01
-1.842923593304061e+01
4.081304016006982e+01
-4.246754268266781e+00
5.238797423060669e+01
-1.887890056645445e+01
4.452299279433374e+01
1.031665793790677e+01
3.831726306731726e+01
1.350068434610027e+02
2.823259660189010e+01
1.339521611169442e+02
3.693153688573505e+01
1.354462818815929e+02
4.401930330950938e+01
8.655551524758604e+01
4.934567009609140e+01
1.472480858006989e+02
4.837955213929996e+01
1.473464495779479e+02
3.139228713887638e+01
1.481520992384635e+02
4.092331761029009e+01
8.288530328280918e+01
2.172691254266108e+01
1.130712389974615e+02
2.186550273190493e+01
1.128177535171443e+02
4.923993827300387e+01
1.025367456033583e+02
5.315707474158692e+01
1.161094401315129e+02
3.826632378964057e+01
1.500181037041013e+02
3.818511591925249e+01
1.380903576808616e+02
2.271482102192272e+01
1.073980028457971e+02
3.322352467283611e+01
9.522317257752570e+01
4.952557122773852e+01
1.379919939036122e+02
3.970208602234599e+01
1.263779951572816e+02
3.843766216143815e+01
1.124516576874915e+02
4.006926537746562e+01
1.250219750006342e+02
4.962201395495241e+01
2.199245085479815e+02
6.499321465703075e+01
1.427887866285978e+02
6.531648179859668e+01
3.387090921641845e+01
3.286164461472864e+01
1.077055130594847e+01
4.545600326108376e+01
4.725944448836901e+01
3.243059969150578e+01
3.612672826586411e+01
5.954852993468680e+01
3.441905533853216e+01
3.341311355228660e+01
1.061714500591541e+02
4.431246740632912e+01
1.039574751129454e+02
3.022122948284172e+01
8.974575369310296e+01
4.818019188544469e+01
8.307869225789210e+01
4.493612605922966e+01
7.962587571142026e+01
5.400353444830960e+01
8.929374697422085e+01
5.190830914994934e+01
6.766466780837014e+01
6.020636091010716e+01
8.676394594872089e+01
5.473105709652036e+01
7.865717615039021e+01
3.748004827087875e+01
3.454336644096342e+02
1.310802341812761e+02
9.736248166155757e+01
5.203027938097035e+01
1.141494210784512e+02
4.945100264432001e+01
2.245467075244317e+02
7.126734306101957e+01
1.471615319083094e+02
3.293109998676890e+01
1.153077771986120e+02
4.331336125159044e+01
1.162117906363765e+02
3.585712672258065e+01
1.043165064796546e+02
3.903708645571523e+01
1.360466138328986e+02
5.993150269147466e+01
1.375955689707465e+02
1.277216458222344e+01
1.229681920985328e+02
3.636185581801376e+01
1.388511180776619e+02
4.123881361037277e+01
1.360888799078053e+02
2.519922213057317e+01
1.244748811614738e+02
2.393479826966412e+01
1.330755017819226e+02
5.005333722727264e+01
1.006305228869649e+02
4.411756211167064e+01
1.217862172721497e+02
8.769266515218234e+01
9.137028131544827e+01
5.773628140243320e+01
7.600423548253968e+01
4.536094161903377e+01
7.483150334520425e+01
1.703512178294189e+01
9.512356443761550e+01
2.113299590279943e+01
7.676716980292646e+01
1.724585909309560e+01
1.223795678797606e+02
4.370718778410962e+01
1.531203681345067e+02
5.277451619526573e+01
1.385390499104956e+02
4.363238318504459e+01
7.808891215553210e+01
1.424312207035029e+01
9.025117412551127e+01
1.745589948757179e+01
1.187065246902654e+02
9.221870036176481e+00
7.851788955031286e+01
2.688091692885128e+01
6.395749337792031e+01
2.403660761686531e+01
6.909694369857142e+01
3.340990729319505e+01
8.488716371013682e+01
3.386974665255372e+01
6.725062325700675e+01
3.698608134256154e+01
1.097315327683199e+02
3.198667913337310e+01
7.461715360286405e+01
2.100393151961674e+01
7.127565453093308e+00
4.697482143215345e+01
3.845052028464944e+01
3.784174727776019e+01
8.258608585069182e+01
2.988081934670985e+01
7.086326230130253e+01
4.245474863710673e+01
7.199327909850815e+01
3.313445547584397e+01
6.445176768250721e+01
2.712505128702507e+01
6.714077867169912e+01
2.112225982300251e+01
8.502424453588782e+01
2.243969019897770e+01
7.025876705567271e+01
2.775726321747940e+01
7.744944244400376e+01
1.294458187670232e+01
4.275023865825697e+01
2.485542790345116e+01
6.468708942161255e+01
3.479836269224688e+01
6.634444739084668e+01
2.112859938906220e+01
1.056848975334364e+02
2.405682751072602e+01
7.296738847720901e+01
2.518062216130940e+01
5.124608004748648e+01
1.022471689114345e+01
5.139563770306719e+01
2.129473736613711e+01
8.378508733812103e+01
3.237565362974919e+01
1.102943104193424e+02
2.078197501908619e+01
1.964617060697537e+02
7.659164327329061e+01
1.617872639234819e+02
4.673996154243908e+01
1.597134968577581e+02
2.825710601499938e+01
1.251152352405168e+02
3.934142274536097e+01
2.592703019606171e+02
3.201743523548566e+01
3.211257800785150e+02
7.661202312651301e+01
1.655277664674270e+02
4.248205304167493e+01
4.143944472762257e+01
2.839682553358297e+01
4.435445907625611e+01
2.052997543730710e+01
6.792774575722785e+01
1.050532322468385e+01
4.880543829277534e+01
3.234653916127563e+01
6.770174239778659e+01
1.236938185693623e+01
6.893636945308417e+01
3.453820718685027e+01
1.271373764815436e+02
2.999691013946022e+01
1.408965400597220e+02
3.383204346046653e+01
1.139643835432251e+02
2.541498458131246e+01
1.209537048426428e+02
3.247146259609345e+01
1.027689011658661e+02
3.363944372978861e+01
1.014359103333180e+02
2.845788340029675e+01
8.101674866259475e+01
1.415943849852976e+01
9.150073061172108e+01
2.474415552070044e+01
2.242920153851733e+02
1.292239130622191e+01
1.244260444020068e+02
2.785333510198621e+01
1.174890282316350e+02
3.654141633279394e+01
1.281990135402027e+02
4.526207472271216e+01
-1.438334720296455e+01
2.817661108850881e+01
5.866869786210778e+00
1.967883781189482e+01
-1.556566912921624e+01
2.175234500418523e+01
-2.618679550338782e+00
2.819832919458235e+01
9.387549739494736e+01
1.909460318447113e+01
8.651473285549672e+01
3.320158767436868e+01
6.920045226657395e+01
4.013033455294162e+01
1.231748356968995e+02
4.111569203987038e+01
1.539948301141563e+02
4.573019475712751e+01
1.685238432091214e+02
3.912776852175983e+01
1.025597763052718e+02
4.540078309562945e+01
9.582784144272267e+01
4.592698199595026e+01
1.260451602348033e+02
5.551230773254669e+01
1.434723822190263e+02
3.188929913434816e+01
1.109845688067251e+02
3.779564787115802e+01
1.283009566681315e+02
8.203165171343789e+00
1.388267827204935e+02
3.138352958998514e+01
1.283299779247392e+02
5.171745488956805e+01
1.182331292671575e+02
4.117488532942784e+01
1.318476678985489e+02
3.887978177395190e+01
9.700567165955417e+01
3.508651019122676e+01
1.231570372541764e+02
5.556115548712657e+01
1.083362026325093e+02
4.097457577257916e+01
1.088635438045371e+02
3.662510563065695e+01
9.024395221222103e+01
7.040099013471251e+00
8.051353297336625e+01
2.859697816643127e+01
7.007139512747700e+01
3.060790854073149e+01
6.045793626620498e+01
2.578395726343856e+01
4.748791736322669e+01
3.570388519604590e+01
8.235270263899730e+01
3.161151917197018e+01
9.274698493182478e+01
3.637833837684671e+01
8.093001215015320e+01
2.061206102518544e+01
1.015568847947358e+02
3.896922123993612e+01
9.341662464649524e+01
3.493521268818252e+01
9.246030607968450e+01
2.664688797160350e+01
1.167998302773354e+02
2.527631014460389e+01
1.126920329766409e+02
2.356998230743566e+01
1.092813898711556e+02
2.661038121589595e+01
9.822611537428108e+01
3.044322276041754e+01
8.514937894072818e+01
3.153776802308925e+01
1.496429979060383e+02
3.673677878132629e+01
2.204730122566304e+02
5.210634440146428e+01
1.769124765712585e+02
5.197756104389836e+01
1.255325386214456e+02
4.264148224484912e+01
9.031868029348976e+01
3.061403225914732e+01
3.249902203212940e+01
4.184934765897668e+01
4.458594954896165e+01
4.568347795361540e+01
5.335032921598993e+01
4.173478644117341e+01
9.424393239875110e+01
4.067902396461580e+01
6.131899840631840e+01
4.071367704952591e+01
4.636100791657184e+01
3.467830842639280e+01
5.176976038414737e+01
4.006827523878971e+01
4.649010218300972e+01
3.508659316641295e+01
5.616843447161752e+01
3.614027971716835e+01
7.249942162755033e+01
4.019557580919053e+01
6.089588390702844e+01
4.208006379739928e+01
4.875454398866712e+01
4.516511007841378e+01
5.423552437721997e+01
3.439757547842301e+01
1.033700693259299e+02
3.030356760891620e+01
7.837654822418649e+01
5.455872030165447e+01
5.544373243867221e+01
3.702098061778948e+01
7.076793416834485e+01
3.680067300471759e+01
6.072339063980895e+01
4.200266269016661e+01
4.806260662120037e+01
7.373718090432661e+01
5.544373243867207e+01
3.702098061778922e+01
9.711280604565498e+01
6.713655919744423e+01
6.743440345073897e+01
3.517864009161013e+01
1.008889964556598e+02
4.070952792049682e+01
9.926813874024246e+00
5.824584032010074e+01
3.678967989688092e+01
5.991130944535553e+01
-4.493374417883789e+00
5.100991340416386e+01
8.544275358734915e+01
3.893097393161869e+01
1.008039640949197e+02
4.718036318043322e+01
1.248062281706712e+02
4.979350582631090e+01
1.757816110368775e+02
6.923154571881720e+01
1.314523675542643e+02
4.673974795429009e+01
6.113829632043988e+01
3.943870057841724e+01
6.098762741414545e+01
4.068140633325271e+01
4.050638904065321e+01
4.745166352848112e+01
1.650168432264624e+02
3.572299592680174e+01
6.995738196484292e+01
9.542852923117171e+01
6.780921537276421e+01
1.054857433831968e+02
3.612669167214275e+01
5.037505008545341e+01
5.933475407149941e+01
4.583212811173087e+01
1.068569469649472e+02
7.712673363498119e+01
8.237023855463248e+01
3.700803419191263e+01
6.687444586704768e+01
3.217322386158359e+01
1.772686846616904e+02
4.748282483200345e+01
9.673097317380730e+01
4.179668604417436e+01
1.900506777714558e+02
4.746079724773671e+01
1.244274906270100e+02
5.901281396031244e+01
1.182001023615869e+02
4.261924119132497e+01
1.076847373350326e+02
2.258778862180111e+01
1.077027972940227e+02
8.444527804631488e+00
1.307359106986603e+02
2.570207756019243e+01
1.207795337275752e+02
7.349982541960689e+00
8.596892056600778e+01
1.300344650658852e+01
7.902144336982749e+01
1.854261588827857e+01
9.902262767545953e+01
2.827481336692368e+01
7.745198815203173e+01
1.207620234192263e+01
9.103303643351239e+01
2.299809906033512e+01
3.482238922911933e+01
2.694571755114024e+01
9.192560336815799e+01
2.183060028998555e+01
5.102968234493793e+01
1.297135171082299e+01
6.379461994009367e+01
1.121330610870521e+01
8.153577065131394e+01
3.958608990987340e+01
1.553732944362905e+01
5.130654388433613e+01
6.838207737567950e+01
4.572780454084859e+01
2.560279502378302e+01
5.240237789712305e+01
6.024181722743808e+01
4.169379598909534e+01
1.614000506880626e+01
4.633572086499702e+01
7.825444858626461e+00
6.843658209203089e+01
5.359567784384525e+01
4.474755386111622e+01
3.821706371264470e+01
5.188703804984062e+01
8.949133172349170e+01
3.259649233392190e+01
1.560117816755949e+01
4.029088633172667e+01
4.291605090929884e+01
3.822823819247542e+01
6.280777862510778e+01
1.320959044053991e+01
3.751436782004690e+01
1.801053486164106e+01
1.031626505756315e+02
3.058919556890066e+01
8.375482047174161e+01
2.808120078664556e+01
8.328399897372380e+01
2.847758531673795e+00
7.865932152680942e+01
8.639812685545738e+00
7.469917229167332e+01
1.221987413025102e+01
1.006297552514165e+02
2.838197792233088e+01
7.022516375105323e+01
1.676922252928868e+01
8.047478858741179e+01
3.405350513352682e+00
1.069714433703417e+02
1.132649587481199e+01
5.818938707578302e+01
4.621649035292821e+01
5.856605934151806e+01
4.310972596584281e+01
9.878607755889844e+01
3.489741462052179e+01
7.316829961714683e+01
5.854968267430038e+01
8.220211217734395e+01
5.197854484792602e+01
1.750817160659791e+02
4.386466374191699e+01
1.506379062971538e+02
4.812855020966208e+01
1.622519050434857e+02
4.939297407057104e+01
1.440357182892806e+02
4.111421965691198e+01
1.573049677323644e+02
5.137261603587751e+01
1.138319280080042e+02
3.252976379876409e+01
1.029377834432324e+02
3.826881143756948e+01
7.006283673938701e+01
4.413301271234933e+01
1.052605831924985e+02
3.852169620975145e+01
1.073448112840316e+02
6.015346358630836e+01
1.328307350986236e+02
6.670546080684221e+01
7.555122360161329e+01
2.256962420732382e+01
1.155773388287788e+02
2.220034674365579e+01
7.555122360161278e+01
2.256962420732343e+01
4.231784111595029e+02
1.492208168091711e+02
8.436738655569441e+01
4.367519268356084e+01
1.050570419654592e+02
5.096412611456654e+01
3.336269162354278e+02
8.459094504387046e+01
1.424704685111272e+02
3.903175334707315e+01
1.180915321696397e+02
3.952537508828237e+01
1.004340696648919e+02
3.634388608005496e+01
1.264033832757935e+02
4.861450158343668e+01
9.994857259609918e+01
5.328900361844736e+01
1.476214218050960e+02
2.034346745906645e+01
1.257807781349803e+02
3.873976298920934e+01
1.138589374975336e+02
3.648662131403629e+01
1.355488628498286e+02
4.199579103684763e+01
1.381855687099741e+02
2.024844032723621e+01
1.385622409757107e+02
1.714167594014844e+01
1.076043492292075e+02
3.806151718094760e+01
7.187926160406583e+01
4.802230382546784e+01
7.612726678524491e+01
4.533701405868301e+01
1.167925577292995e+02
3.623583465291809e+01
9.663829512297929e+01
5.120113401202405e+01
8.645565098644158e+01
3.813100548018350e+01
1.243414638577875e+02
5.494068778466310e+01
-1.252024422139290e+01
4.491083931519149e+01
-2.542538969703404e+01
5.106050252126291e+01
6.823686654975445e+01
3.320626544501393e+01
3.383430873134987e+01
4.519970056990687e+01
1.180056313374950e+01
2.354504842191989e+01
-1.696796941257978e+00
3.781444649645021e+01
3.236047168883844e+01
3.837451130599667e+01
4.617798435556955e+01
5.058126124127357e+01
6.367158499057887e+01
3.728152267163497e+01
4.959457861449559e+01
4.015583164249882e+01
6.489575102006683e+01
5.630143615243234e+01
1.430875261570445e+02
5.843837414195523e+01
4.391939680632661e+01
2.798245528172425e+01
6.657610175124017e+01
4.492886157023428e+01
1.278777141921345e+02
3.011987286791996e+01
8.701317624634203e+01
3.070735983611116e+01
4.936447086226994e+01
4.359268018260752e+01
5.623661360530365e+01
3.867486367833435e+01
4.541780349367863e+01
4.379255843972152e+01
1.498022130445825e+02
7.371917480063418e+01
1.154091216271305e+02
9.532030385268861e+01
2.115335657959372e+02
1.009769722607567e+02
9.515505106088608e+01
5.231380389226688e+01
2.294627761251742e+02
5.880894233349683e+01
1.277193231331530e+02
4.574424583681823e+01
1.190701570883701e+02
3.913420346171380e+01
1.083644478236833e+02
7.507129673499830e+01
1.320276076930564e+02
4.872909950123070e+01
1.203338314299161e+02
2.448602154812982e+01
1.397114180587539e+02
3.289121834787924e+01
1.475063890186868e+02
4.947872683407339e+01
1.907624509414049e+02
5.185807112395319e+01
1.273126917035245e+02
2.839358771379238e+01
1.442063486509920e+02
3.463969364707789e+01
1.974581430683572e+02
5.876680032176156e+01
1.213243212014771e+02
9.798718927141677e+01
6.781896419494694e+01
3.612040876432675e+01
6.661361294459219e+01
4.606205480300714e+01
1.599635840613601e+02
3.987915236628955e+01
1.571116016155128e+02
2.868502268833065e+01
1.507437707204068e+02
4.561928117368777e+01
1.103626225709230e+02
5.192538642472635e+01
2.227362580044226e+02
6.971024264957978e+01
9.824750459475796e+01
3.133063523698905e+01
1.127011832365765e+02
2.534956187903863e+01
1.376008977448051e+02
4.557365576709432e+01
2.448780599650523e+02
5.156040119207744e+01
3.614346597501306e+01
4.113710503234096e+01
2.880885548728914e+01
4.663412695200063e+01
2.455038928030034e+01
4.617050486966669e+01
2.799274480096316e+01
3.395418463146981e+01
2.918552775302298e+01
4.352736256491374e+01
1.054703171633435e+02
2.846774156924576e+01
8.752197787181680e+01
3.092057591980531e+01
8.767264677811185e+01
2.967787016497012e+01
1.041142970066972e+02
3.965209336275809e+01
8.938209757115774e+01
3.650903464584167e+01
1.392885384439783e+02
4.966828438517075e+01
1.356432088879759e+02
4.738275113261597e+01
1.313847426809874e+02
4.691912905028245e+01
1.626023314155977e+02
5.472469107868763e+01
1.272769453802931e+02
4.521280121311484e+01
1.263729319425284e+02
5.266903574212490e+01
1.145015467593282e+02
4.382193496611598e+01
1.741224574120498e+01
5.516202936801680e+01
3.138253458671302e+01
4.346233772721862e+01
4.027613926642495e+01
4.128281750479739e+01
1.981037994361769e+01
5.479356126278086e+01
4.256544866578068e+01
5.475270255086711e+01
1.383180842649938e+02
3.646146526780195e+01
2.631067160789212e+02
8.928548443919576e+01
1.478562086731187e+02
4.190676942251087e+01
4.804071617494681e+01
3.715098457938566e+01
7.005500866393004e+01
2.380883066952283e+01
7.004244036563793e+01
4.332365464164524e+01
7.205690453536262e+01
4.552989252707976e+01
7.855474442028562e+01
2.402090874514985e+01
7.373729182869951e+01
1.549421710088814e+01
8.244673725220609e+01
2.777440290718988e+01
4.956132952255147e+01
3.048969233285340e+01
1.157675627540595e+02
4.447478409882289e+01
9.603422591110491e+01
4.547417538439652e+01
7.496789823560465e+01
4.129200634047861e+01
7.155748457838672e+01
5.042851697457017e+01
6.409523450846811e+01
4.080233252605992e+01
5.483541858883125e+01
4.923752898468462e+01
1.126558797911833e+02
3.442785479765073e+01
1.137628672642873e+02
4.147347375939478e+01
1.044507462156045e+02
3.416411097243243e+01
1.209363478199091e+02
3.407024574545164e+01
1.116242267712254e+02
2.676088295849006e+01
1.085585435162981e+02
3.587043880960109e+01
4.136527461713011e+01
4.958467287041831e+01
4.279662922692410e+01
3.777896819948548e+01
7.594988441925635e+01
4.579526753804159e+01
3.183761123481469e+01
4.728828056482513e+01
2.384258233535669e+01
4.001880065899251e+01
2.623858162674789e+01
4.138977532568714e+01
6.406881006544687e+00
5.937643161168381e+01
7.461563350603530e+00
5.067749132783906e+01
3.528285521275358e+01
3.796754934843092e+01
-2.536165833313956e+01
4.433951184169426e+01
3.452951068128301e+01
4.418107812260509e+01
4.470590833697771e+01
8.774823162846010e+00
-1.264800453316480e+01
6.110817736665655e+01
1.021268205813496e+02
3.521367775333451e+01
1.223561155189059e+02
2.041808077848647e+01
1.146134496880181e+02
1.957513153788028e+01
1.091622005289693e+02
9.538331522103359e+00
9.346968028688805e+01
3.867805119262094e+01
7.320064851857802e+01
1.821426494975799e+01
1.352800757736811e+02
4.322997709189141e+01
1.127300883593418e+02
3.510895347331726e+01
1.257314903397481e+02
3.463576108806401e+01
1.218496963984949e+02
3.106537461864366e+01
1.128054228124891e+02
3.448760059589966e+01
1.123534160936080e+02
3.821571786040329e+01
9.242678036765317e+01
3.301796969815148e+01
1.177724963017589e+02
4.396158452263820e+01
8.061816133930664e+01
4.306434001684917e+01
6.202732975315520e+01
4.724725016821125e+01
6.911501482982028e+01
3.731646318256922e+01
7.799815848372296e+01
3.198803111102903e+01
9.394595789018980e+01
3.309472417685345e+01
1.257557329714105e+02
2.805989568055519e+01
9.288078626756442e+01
3.392409695533382e+01
1.015379265620267e+02
3.045972351604689e+01
2.018715678515266e+02
3.655114297445092e+01
1.108906862635000e+02
3.590788816544411e+01
1.013630228811849e+02
3.361149585985007e+01
8.944803494491678e+01
4.759831145832584e+01
9.581200928971990e+01
2.723664661451683e+01
8.702239200188154e+01
5.561284988819909e+01
6.971670925429233e+01
4.150537532339573e+01
8.771701204731609e+01
2.349341686320770e+01
8.331833795984197e+01
2.742141238482710e+01
1.171532080706434e+02
5.227136655406932e+01
1.025972646480730e+02
3.022873041332035e+01
9.395298881526185e+01
3.676342365216261e+01
3.460929761418077e+01
3.384277293267006e+01
4.118010254462641e+01
3.141036793806769e+01
2.438270210192336e+01
3.084073282560080e+01
2.696288828805860e+01
3.867629451288291e+01
1.490734384865381e+01
4.428889976559683e+01
2.465054956460246e+01
4.157232158981927e+01
2.101350317535721e+02
5.829470852391254e+01
1.000294879116374e+02
2.198125912781969e+01
1.049220128212292e+02
2.692079373816506e+01
9.036161664883657e+01
2.407648442617936e+01
9.615815499619346e+01
2.155978450751737e+01
5.576271159060212e+01
5.409787390451596e+01
9.382105999081880e+01
4.753888388129602e+01
1.127069030700203e+02
2.441281472783873e+01
9.613339871427641e+01
4.464285680436038e+01
6.234397754685659e+01
5.481438075903186e+01
9.254037428731924e+01
5.810188279739329e+01
1.143809685459085e+02
6.236834676537097e+01
3.901997262100199e+01
3.964964907543734e+01
4.558031652563901e+01
3.406833223171672e+01
4.862297045646466e+01
4.132468850361249e+01
4.460096863472759e+01
4.214591963814476e+01
4.578329056097821e+01
4.857018572247037e+01
5.810878973554421e+01
3.102543341273297e+01
7.351572440674562e+01
2.600490739462067e+01
1.172617863512617e+02
3.076757060404253e+01
1.107014424466251e+02
3.634888744776355e+01
1.184903569127268e+02
3.800553790255012e+01
9.703459868618779e+01
2.289943175765076e+01
1.118837643728762e+02
4.277315353208891e+01
7.495019319213120e+01
1.905770883353998e+01
6.699538030938479e+01
4.609698036579648e+01
1.028837051391123e+02
1.537866399431770e+01
9.329952208278490e+01
4.266518408561969e+01
8.014745119608470e+01
4.438108222570857e+01
7.880399933773035e+01
3.605061004709897e+01
9.639286654101501e+01
2.306063378959971e+01
1.004880955434174e+02
4.428178559889090e+01
6.251764989464029e+01
3.070459877257101e+01
7.654214093287433e+01
4.953384001026825e+01
6.403063330825110e+01
5.155459433227577e+01
1.118028637496440e+02
2.536788514822863e+01
1.114261914839088e+02
2.847464953531552e+01
8.555313437777242e+01
2.188050485275280e+01
1.135878613010721e+02
2.682132821321376e+01
1.144721682672243e+02
4.624641456885497e+01
1.529677837836926e+02
2.099749322219396e+01
1.053922330269690e+02
2.840900278893985e+01
1.281473017491310e+02
2.836814407702620e+01
1.402133072143457e+02
2.590445067343131e+01
6.153896929708747e+01
4.506782396567100e+01
7.008939206097442e+01
3.277806785644866e+01
4.523752694898632e+01
3.070198316392890e+01
5.067831508222581e+01
3.758987133058920e+01
7.660578458989056e+01
3.726483943749873e+01
8.919116115611205e+01
2.743034201168447e+01
9.966468207942886e+01
3.486614718473687e+01
1.114524709788655e+02
3.155534685036127e+01
8.127699629002223e+01
3.456566851023889e+01
6.787799999226148e+01
3.184780158434504e+01
1.259058829390368e+02
8.162829143413174e+01
1.089790023233028e+02
3.254516783301934e+01
4.603653090044304e+01
3.204746237423742e+01
8.986838832391517e+01
3.933768455535971e+01
6.463985094619223e+01
4.036836424992627e+01
9.651077495962423e+01
2.550790241826819e+01
1.042848238679399e+02
3.579758720622647e+01
1.157038206054496e+02
4.683148689253212e+01
1.276944916175167e+02
4.498914636635335e+01
1.220821125263644e+02
3.304614025629323e+01
1.806020057044224e+02
5.830387811757087e+01
1.482457768425176e+02
8.502167825795448e+00
1.528913763410509e+02
9.007937370158491e+00
2.647811378731124e+02
5.402805187389921e+01
1.429849334205158e+02
3.248204527289463e+01
1.818070873780121e+02
2.285843832461742e+01
1.626220137587050e+02
2.580618316650345e+01
1.640408000702069e+02
3.351530246769493e+01
1.713231054288871e+02
1.227372130244641e+01
1.510080150123741e+02
2.454175930559535e+01
1.985940267949064e+02
2.027916158796701e+01
1.584284209790550e+02
2.157229635763571e+01
2.102473152324792e+02
3.710596328049165e+01
2.945044105282730e+02
4.035041978825844e+01
2.088864069019852e+02
5.189967925476925e+01
7.951130916306640e+01
3.652583798825538e+01
9.671887222141564e+01
2.077170843974485e+01
9.208373374869247e+01
2.341485074450078e+01
1.229911143950708e+02
2.115473982440464e+01
1.038797844787457e+02
3.288330439792715e+01
1.715467830617445e+02
4.725228074035760e+01
1.029183540859284e+02
2.642947517138604e+01
8.719655803890278e+01
2.345872347330996e+01
1.361076945466254e+02
3.144554571241028e+01
7.702226765569036e+01
3.620124261182823e+01
1.117090764405886e+02
5.647687528166517e+01
1.280774994885101e+02
4.440871553563137e+01
1.068060905051870e+02
4.838842882220165e+01
9.491302425839376e+01
3.637329275434932e+01
1.258523045045169e+02
3.029835416941853e+01
1.601667545822583e+02
6.559735212270687e+01
2.235580594599091e+02
8.313331343467881e+01
1.090967481650504e+02
4.232436645342170e+01
7.586330238864247e+01
4.176799965729597e+01
6.052863963316147e+01
3.883939542125026e+01
7.672547172317086e+01
2.171611773181578e+01
1.201553101395829e+02
4.410641593709691e+01
4.818432567946052e+01
2.742258821151036e+01
5.389506854786125e+01
2.237832932114687e+01
2.253293943835218e+02
6.161760892363098e+01
1.066264825721204e+02
2.017195724924337e+01
1.096356461530366e+02
4.064531379502736e+01
1.061514465291366e+02
4.026598663675402e+01
5.041522166567855e+01
3.768967331140922e+01
4.344682241788040e+01
3.693101899486506e+01
4.945890309886811e+01
2.940134859483129e+01
8.212876849489137e+01
3.169902965053943e+01
4.791036993269103e+01
2.923275874671022e+01
4.696006835899591e+01
4.532879922787649e+01
6.504861553100758e+01
3.848434727336452e+01
1.315289342235479e+02
7.949970058589489e+01
2.666451347593601e+02
8.373430780306238e+01
3.897047711704901e+01
4.005208492128829e+01
4.733674062473105e+01
4.222203484078899e+01
1.367060951887239e+02
6.391592387751708e+01
2.216228463171865e+02
5.353322448378163e+01
3.637934656526269e+02
6.268699219099303e+01
1.690171605959329e+02
3.562833520579881e+01
1.202084916192794e+02
3.164774413514917e+01
7.983714702045314e+01
3.458684247212800e+01
8.041679332152765e+01
4.598193157579348e+01
5.704858794837961e+01
4.784470145792977e+01
9.404110964208884e+01
5.132399310177853e+01
4.483128727918403e+01
3.583339666955974e+01
6.919765532237928e+01
5.485459890047342e+01
1.225703079087350e+02
4.152787030825250e+01
7.407403620759574e+01
4.770319063289960e+00
8.239634833955867e+01
1.700835740756149e+01
7.861743474811611e+01
4.120762105503150e+01
4.637654674687371e+01
5.154773485782408e+01
1.003561017674814e+02
4.664583975307956e+01
8.843808218969242e+01
1.520595418059377e+01
1.003373330211429e+02
3.500766192868278e+01
9.446756749312266e+01
1.548197890352290e+01
1.076719435088679e+02
2.951064000902246e+01
1.085366436523571e+02
2.849448759579034e+01
1.256194236282013e+02
2.859214236453050e+01
1.059405458238132e+02
4.368440400280682e+01
1.610364305727483e+02
5.469370040474426e+01
1.741642645073944e+02
7.334759468627554e+01
1.001285898547002e+02
4.074959749897603e+01
7.882790506643180e+01
1.261883941695285e+01
9.184812182597341e+01
4.110720655117514e+01
1.133409961067970e+02
3.347568300008697e+01
1.078292125417762e+02
3.910420550744792e+01
1.439309724326526e+02
2.603665447584107e+01
1.155195732436172e+02
2.420259550246519e+01
9.527274599318915e+01
3.471080947617791e+01
5.553822484460223e+01
2.597800328310677e+01
6.965918259640470e+01
1.303560588747346e+01
1.169103662164381e+02
2.447541995340250e+01
1.162553854622157e+02
1.370168372715437e+01
8.998262676624311e+01
2.658021555468360e+01
1.797493354830228e+02
5.031526107130172e+01
7.642250053638050e+01
2.195614253450625e+01
9.162741643718626e+01
3.242527622362356e+01
1.688037043199220e+02
1.515797608495695e+01
6.155193410905394e+01
2.964477086525628e+01
8.320001535811301e+01
2.255829319159825e+01
1.027617612431550e+02
1.650378396262395e+01
8.452862262484422e+01
4.359221525980319e+01
9.813708379624059e+01
2.229583811649640e+01
7.217612393866497e+01
3.583787028347395e+01
8.154265738887739e+01
3.622805649478340e+01
8.824320917399949e+01
2.625512204710947e+01
7.960699093115547e+01
3.601731918463181e+01
5.387887367130067e+01
1.945525902354600e+01
6.887870826428357e+01
3.808627504315051e+01
9.037612060704743e+01
3.224250312432822e+01
1.414265014308865e+02
1.366742416332409e+01
8.331146485448326e+01
2.580737798696583e+01
1.606540088392680e+02
6.107208155843787e+01
9.947644036417844e+01
3.284839923237863e+01
8.703846146695695e+01
3.733267954812018e+01
1.022559456660546e+02
2.828698926511323e+01
9.937442166733179e+01
2.293683908750027e+01
8.184010329346862e+01
1.668934712319952e+01
8.381761385442712e+01
2.949573182982071e+01
1.143802218348155e+02
2.652755763197757e+01
1.035509506973822e+02
2.849634054424751e+01
1.195333405453316e+02
2.829582470240898e+01
6.680875954883422e+01
4.390925317292152e+01
8.808235943801307e+01
4.211095977526857e+01
1.294829075469783e+02
4.314464842270552e+01
1.054499671352697e+02
3.020403078761199e+01
1.305193571617227e+02
3.355290078509847e+01
9.265964722679277e+01
2.219588199672908e+01
1.494814840863105e+02
2.122577213812624e+01
1.368668549338766e+02
2.101112103384961e+01
9.265964722679298e+01
2.219588199672934e+01
7.235121939758810e+01
3.526468742945827e+01
2.213536501075747e+02
5.859816806530311e+01
6.608201728390338e+01
2.271658744128363e+01
1.655211742640851e+02
5.715495907647714e+01
1.243628614987331e+02
3.887250518624757e+01
9.093069913503993e+01
3.301703276802672e+01
1.473927756972935e+02
4.935330466112808e+01
1.630137017229907e+02
6.077739263749272e+01
1.185094763044101e+02
2.574491635272999e+01
2.818749201161693e+02
7.193728934590554e+01
9.128825822127067e+01
3.499136791106613e+01
1.287471341397396e+02
6.562043158419137e+01
7.019765540916887e+01
6.303339032544245e+01
2.503126478511895e+02
3.866333534589576e+01
1.248113237691517e+02
7.423725051266420e+01
1.968833721668950e+02
8.494415551372563e+01
1.553329288284314e+02
4.558434561704065e+01
1.287939256497877e+02
1.605273762689027e+01
1.036801697089474e+02
5.100867839724399e+01
9.490384934433558e+01
2.355236355935023e+01
8.190242767743301e+01
3.195146645061596e+01
9.654378894818981e+01
3.543006841796539e+01
9.542957862407991e+01
3.205682799316211e+01
5.470711319843387e+01
4.398547892419874e+01
7.931042433331767e+01
2.578038184067604e+01
8.802461334678799e+01
2.471624665908299e+01
8.827593902119148e+01
3.344256556196860e+01
6.335599939977600e+01
3.482844558538541e+01
6.345341337010953e+01
2.024210519172167e+01
6.345341337010967e+01
2.024210519172531e+01
9.832497614102473e+01
3.065183829259142e+01
8.627340520399190e+01
2.924776942219386e+01
9.308195941106567e+01
2.348831452857836e+01
1.065819237858811e+02
2.183976331075970e+01
7.186000355929825e+01
4.984057685687374e+01
9.867155881338425e+01
4.614796180072904e+01
1.252613836676840e+02
5.199981745741440e+01
1.405663719491960e+02
3.807109849395372e+01
1.301494457433666e+02
2.482724280658072e+01
1.139751210344539e+02
3.713178983005039e+01
7.029657622152291e+01
2.808918213186089e+01
9.713250725544199e+01
3.258527959054910e+01
8.390579767841824e+01
3.419256955145737e+01
8.492753083382219e+01
3.876885414660343e+01
9.496794360942562e+01
2.863664176722375e+01
6.115034655892607e+01
2.698444549154294e+01
7.907710953241114e+01
2.723952929709301e+01
7.938366977285473e+01
3.663899825706317e+01
8.774578128175018e+01
3.394790551767116e+01
2.610406654609575e+02
2.606673522204096e+02
9.986469800206903e+01
2.081438206445043e+01
6.209308561227535e+01
3.045297181277212e+01
7.909056599135944e+01
2.052428844429064e+01
9.071332071683754e+01
3.715913736274626e+01
1.043870990992088e+02
2.407148783860017e+01
9.216537662774506e+01
2.996593226417193e+01
2.988409955708582e+02
3.052155747853011e+02
9.776187837172465e+01
3.368958856349362e+01
7.460450837918202e+01
2.939107025992279e+01
1.469329352479346e+02
1.283116114865349e+02
7.278972295948060e+01
3.013276229514660e+01
8.509867915894920e+01
3.650189015574333e+01
5.036268119984966e+01
1.548767404436297e+01
8.208990048689074e+01
3.465354112626783e+01
5.036268119984871e+01
1.548767404436457e+01
4.483799204010241e+01
1.709496592865206e+01
6.853214477468994e+01
3.387669908160236e+01
9.494947711517142e+01
3.652217932480176e+01
1.107962337933551e+02
3.396723161450812e+01
9.247929802404630e+01
3.632489499138332e+01
5.351214980778121e+01
1.540440238200787e+01
3.896420923617552e+01
1.783548900403131e+01
4.539095969923742e+01
3.998520762612584e+01
1.169752206982500e+02
3.291033466583783e+01
9.969084130548920e+01
1.865083457690249e+01
1.414713897399463e+02
7.729058188233678e+01
5.685615633842077e+01
1.797827193832222e+01
5.724528954813584e+01
5.544784896324367e+01
6.536761471015475e+01
3.696065917038837e+01
5.036268119984913e+01
1.548767404436523e+01
5.036268119984983e+01
1.548767404436312e+01
1.095473753061432e+02
3.143900893169493e+01
1.085855401104013e+02
3.131990129671853e+01
5.303904093717688e+01
1.530580090689469e+01
7.194006569006878e+01
3.299699678226889e+01
8.606182447366191e+01
3.417221477828627e+01
8.302464064711563e+01
3.610985309290012e+01
5.844569161893049e+01
4.796514695207021e+01
6.581660020312988e+01
3.024898569642770e+01
1.129252396544531e+02
3.594812113056134e+01
7.213021541338001e+01
4.116573718841531e+01
8.375939004426361e+01
3.990746876102548e+01
9.554193258554147e+01
3.060320482787261e+01
1.397522865685650e+02
6.711839936509517e+01
7.898413174370508e+01
3.876510336498765e+01
7.886442456911472e+01
3.890123131115313e+01
4.770422423070985e+01
3.610342322842690e+01
8.599351365834995e+01
3.437922311231955e+01
8.124938025190804e+01
3.103377655700968e+01
-2.056060649687994e+02
9.705763172872363e+01
7.174927461825160e+01
3.649693395896205e+01
8.921532466437372e+01
2.960666787783746e+01
8.980995798449840e+01
3.125067547002098e+01
7.319509471590710e+01
3.982192350141762e+01
6.378662570077157e+01
3.681300122139299e+01
7.059561103371850e+01
3.739426803827412e+01
7.192800132657997e+01
3.420429945155519e+01
9.209132893835154e+01
3.758675898864714e+01
9.776184041766167e+01
2.547990462433966e+01
6.601822417550801e+01
3.615005631452622e+01
7.695463743184521e+01
3.899682339234930e+01
2.882070707956426e+01
4.384824941402812e+01
8.647801160815868e+01
2.831034879036416e+01
1.305394295264684e+02
3.608869806345426e+01
4.754887959324499e+01
1.564112458935366e+01
1.942086271957461e+02
2.177542615464716e+01
8.488358450663921e+01
4.091593984168932e+01
1.131280231223167e+02
3.507803701589742e+01
1.279921942670565e+02
3.731857886722377e+01
6.890749672165687e+01
3.443796387561742e+01
3.384910830843675e+01
1.979469495143207e+01
7.298568014684349e+01
2.201741688015653e+01
1.321545501594477e+02
4.024458722422062e+01
5.303904093717720e+01
1.530580090689325e+01
6.407540790374480e+01
2.960153801372557e+01
6.833877311652842e+01
3.639304713622644e+01
9.058533841708457e+01
3.292204934685719e+01
6.891804825961229e+01
2.913625372754654e+01
4.904947726557542e+01
1.552955189965046e+01
7.279638189614181e+01
3.530426884381239e+01
1.672546691061024e+02
6.629004567705312e+01
6.714317542111637e+01
4.604988674357071e+01
6.363580718559756e+01
4.612433087025157e+01
5.361087249628483e+01
1.637057639587182e+01
3.315562734177648e+02
7.015713309487923e+01
7.045614212325196e+01
6.821735905753275e+00
6.878104444864741e+01
4.078984542039858e+01
6.973309361652214e+01
4.060896536363376e+01
1.746389942190143e+02
2.771499075888509e+01
8.991465928519439e+01
3.162604233848907e+01
7.071886684067229e+01
3.356193056382099e+01
7.640132383792420e+01
4.080027500586778e+01
8.979529141328389e+01
3.885010363515701e+01
8.595411265020404e+01
4.047122179584090e+01
8.125299636501580e+01
4.011678374271818e+01
9.688414198942398e+01
8.854071745441578e+01
7.317679471054227e+01
3.611110438344785e+01
1.030209129554812e+02
2.572941592037250e+01
1.332372831139565e+02
2.511989851939059e+01
8.354648665654123e+01
4.435409365863072e+01
7.336031131669885e+01
4.139844826510549e+01
8.413514836394450e+01
3.447618799313092e+01
1.034713764681611e+02
3.293287345261889e+01
9.071059346262561e+01
3.105385739954522e+01
7.659050796090098e+01
6.241936315968659e+01
1.269379549422757e+02
3.498812544938905e+01
2.622147471851829e+01
5.052184394620865e+01
1.063163110235965e+01
3.345114001255141e+01
8.215304734912304e+01
3.499297210936164e+01
6.269029022669310e+01
2.111691328216876e+01
9.352650906829012e+01
3.256691652705815e+01
5.871436513348983e+01
2.888719537518311e+01
1.014111084240425e+02
3.496514071196439e+01
1.646131210774106e+02
4.701008734171197e+01
9.518463561191201e+01
3.431231050998677e+01
8.777244579861900e+01
3.078741931077052e+01
9.408121369384767e+01
2.979690864458335e+01
8.835854935625430e+01
2.982058092683693e+01
6.407531306202583e+01
7.094734580978704e+01
8.374682228437753e+01
3.194132662050856e+01
1.071084833621099e+01
3.355441324506030e+01
1.318643664062478e+02
3.171427842865149e+01
7.349912932259451e+01
9.109122801015185e+01
7.049529694367597e+01
2.735083288462916e+01
6.784049960950338e+01
4.725681304575069e+01
8.968331594928075e+01
3.845707769407119e+01
8.294733727427773e+01
3.372633737709200e+01
8.334463111446776e+01
3.461245574861155e+01
9.402409242276951e+01
7.053531681224902e+01
1.022100318072036e+02
3.108010405526819e+01
9.924342852732661e+01
4.480968307844708e+01
6.686663882048944e+01
2.772213278943662e+01
1.307387554891646e+02
5.912191228061492e+01
1.572563816313196e+02
1.401724550221392e+02
6.910385669046157e+01
2.729147480762657e+01
8.510982536977984e+01
2.966161809214092e+01
7.359257600340044e+01
3.113904095214369e+01
9.377202438221036e+01
2.591936044835047e+01
1.989714006511343e+02
4.987569840755170e+01
7.776376500114412e+01
2.946545245479878e+01
4.450068857871207e+01
2.715193865655248e+01
-7.255150138403836e+01
1.176712818287875e+02
2.188512111958098e+02
2.494143237318044e+01
2.135870008897638e+02
2.375106908285741e+01
1.829300143804974e+02
1.783541301783863e+01
7.439682483819200e+01
2.811278688937172e+01
9.014065020717000e+01
2.890654433597151e+01
1.132145458197910e+02
2.424943067077757e+01
6.987612000307526e+01
2.751559234959617e+01
8.758934052410399e+01
2.893591684975565e+01
8.536108682309923e+01
4.128809545659462e+01
8.576146043141344e+01
2.754693369746244e+01
9.450405296761393e+01
2.335889881083697e+01
6.796225941876887e+01
2.829073658084366e+01
7.817005588581500e+01
4.058388135147248e+01
9.778890159335613e+01
2.936576369061061e+01
4.487445992071597e+01
2.958406163043998e+01
7.707721961191100e+01
2.855710544883463e+01
7.736252489339915e+01
4.034554726768369e+01
8.701976113901721e+01
2.712190479676237e+01
8.409415400302991e+01
2.999575388996820e+01
8.700959632431525e+01
2.769342096971469e+01
5.631440973948155e+01
4.091150280047233e+01
8.382962597329633e+01
2.772112586383267e+01
1.364180586176927e+02
3.977288076398609e+01
7.402932973241371e+01
2.734302871362846e+01
8.433254124087749e+01
2.770804989314791e+01
8.634062712263551e+01
2.755024080445303e+01
9.587837137310737e+01
3.043376407126436e+01
8.469528755426050e+01
2.786400838206649e+01
8.496210645007685e+01
2.775963724947321e+01
7.547246750329965e+01
5.153004132707797e+01
7.012396268764635e+01
2.749342191943769e+01
5.762719312329505e+01
3.671041379372349e+01
7.743707314868816e+01
4.031339053585894e+01
6.761339858681181e+01
7.451939117652563e+01
8.861484775874612e+01
3.161723797346966e+01
9.052818011276908e+01
3.033135193991696e+01
6.589376600130697e+01
4.752848357356060e+01
6.210566703440723e+01
4.753644531059416e+01
1.762755532804141e+02
8.033180287084515e+01
6.027570640851433e+01
4.781406369979179e+01
3.477061921749000e+02
1.031394203236934e+02
6.655457566205548e+01
4.823797959310615e+01
8.765179339655519e+02
2.293807101933345e+02
9.717331563278744e+01
4.492257644381137e+01
1.042087468631693e+02
2.528767326481272e+01
1.898213491384676e+02
3.677767157494613e+01
8.798321645551627e+01
2.910759942562432e+01
7.783154040196914e+01
4.037181607543048e+01
1.120600127232303e+02
2.589552072281622e+01
8.555639703776255e+01
4.135959141682088e+01
3.672994073839079e+02
4.471007298752622e+01
1.454145877432691e+02
5.703764771566180e+01
2.504360209930933e+02
4.803799625991928e+01
1.578497423468240e+02
1.170305911652128e+02
6.836839613974378e+01
5.264736513774606e+01
1.041519640083175e+02
3.669488710417320e+01
7.086542907221452e+01
2.739537428281713e+01
5.268151090850452e+01
4.130539818088042e+01
6.446517428306079e+01
2.747006409351517e+01
4.459359609937179e+01
2.721551601372304e+01
6.838530244944157e+01
2.757477290143285e+01
8.382962596191463e+01
2.772112586389747e+01
7.012396268764647e+01
2.749342191943793e+01
6.635000460291383e+01
2.851396408551633e+01
6.597827667861810e+01
2.851142053392233e+01
2.661145994688941e+02
9.124121757955983e+01
1.037477459732815e+02
3.021183307338422e+01
6.559354131483930e+01
4.121561912584126e+01
1.018888670366783e+02
3.233062791788834e+01
7.673036995537360e+01
2.736744640971301e+01
8.382962596191375e+01
2.772112586389692e+01
1.278482867437965e+01
5.799825498428140e+01
9.615762156334061e+01
3.237193238908736e+01
8.401979839838400e+01
2.772243322994176e+01
2.994223327971673e+02
3.885745786708645e+01
8.408318921433317e+01
2.772286901860145e+01
7.041450812290792e+01
2.995265651227205e+01
1.118511462599426e+02
4.052003719143307e+01
6.966944297521457e+01
2.759643788305839e+01
1.729915872410494e+02
5.383325756518469e+01
6.763454320861013e+01
3.016456892933907e+01
1.007545636779013e+02
3.029673070572954e+01
8.496210645007748e+01
2.775963724947424e+01
7.022513619265236e+01
2.762687345908917e+01
8.401979839838391e+01
2.772243322994163e+01
8.504910644908364e+01
2.763577293538393e+01
8.583600870346848e+01
2.751477696377481e+01
8.451602001253588e+01
2.779431027822537e+01
8.415093564127007e+01
2.759745746141692e+01
8.408318921433350e+01
2.772286901860176e+01
6.975784278542390e+01
2.749094198081776e+01
8.395983277365265e+01
2.776878983787212e+01
8.508638058511043e+01
2.761969456854094e+01
9.443551891083013e+01
3.028071796300691e+01
7.203996729122012e+01
4.085750626693130e+01
1.179393480164574e+02
7.360514683870707e+01
8.180716232434223e+01
2.806092006646463e+01
5.130897057252157e+01
4.138922910149494e+01
1.840652208768953e+02
5.550083158115184e+01
8.621281441672622e+01
2.782968740180786e+01
7.045624085922681e+01
2.797308753478295e+01
5.009511672492440e+01
2.733239435936891e+01
7.192305846322168e+01
2.745216484812039e+01
6.899890437577656e+01
2.748576155869870e+01
8.118397762466617e+01
2.830729381837577e+01
6.716293498954549e+01
2.448057667122016e+01
7.743968083456257e+01
2.826695565158747e+01
1.135500075654612e+02
5.235144895001139e+01
6.791113127349519e+01
2.441311233418547e+01
5.598225610286310e+01
3.477459407475023e+01
6.818461893782886e+01
2.443780344713387e+01
6.522876097645809e+01
2.147471666286664e+01
9.847324302449854e+01
2.915556442591877e+01
4.707419700998004e+01
2.753288364864640e+01
5.550462841822229e+01
2.341744591839534e+01
1.223867840193910e+02
1.895178995855324e+01
7.643693126080824e+01
2.464947797241891e+01
5.289605045855517e+01
4.122164941392638e+01
4.071246781773498e+02
5.265130478937877e+01
6.574367225804014e+01
2.154459749218795e+01
6.622420684607127e+01
2.148051512654865e+01
1.034742102496607e+02
3.696832182327547e+01
8.515003577210506e+01
2.763643061134328e+01
6.587875263355174e+01
2.140657720495725e+01
6.553395229634242e+01
2.008304623149285e+01
7.168954069877567e+01
2.474806238065086e+01
6.587875263355180e+01
2.140657720495676e+01
6.666181174632034e+01
2.132831610393007e+01
6.891593057434184e+01
2.149588515496908e+01
6.643907376273646e+01
2.128804894529079e+01
6.406442357195839e+01
2.159222715736058e+01
6.587875263355171e+01
2.140657720495712e+01
6.546582564932081e+01
2.152937970417200e+01
6.513055634960172e+01
2.147404154199203e+01
1.038696956076812e+02
2.438571615428039e+01
9.266487200831710e+01
2.341898969748789e+01
6.876460870712349e+01
2.082959535524834e+01
6.556916416325117e+01
2.148895693744105e+01
5.838506497384721e+01
2.442545019569613e+01
6.319530323838400e+01
2.465157209935843e+01
6.319530323838450e+01
2.465157209935887e+01
5.755876980277404e+01
2.132755893030930e+01
6.503500486012595e+01
2.150961165606951e+01
6.587875263355163e+01
2.140657720495651e+01
6.643053966378838e+01
2.133776262617153e+01
5.517909659753859e+01
4.814098657004247e+01
6.605356128312494e+01
2.151608724483883e+01
7.712411832180864e+01
2.480910093377520e+01
6.652295170031390e+01
2.127432818350023e+01
6.590762505558774e+01
2.139412295540696e+01
4.993450709860364e+01
2.127821969416300e+01
5.286717803651942e+01
4.123410366347626e+01
1.079951406291455e+02
5.784050809127235e+01
6.513055634960153e+01
2.147404154199244e+01
6.615224029788575e+01
2.143126831790527e+01
5.152640837537199e+01
2.275399925276436e+01
6.522876097645805e+01
2.147471666286669e+01
3.787684161522956e+02
1.066139460771958e+02
1.432135728329314e+02
2.815919629699218e+01
6.553171484773074e+01
2.147111377399078e+01
6.642532530998187e+01
2.148283159959978e+01
6.556916416325032e+01
2.148895693743828e+01
6.587875263355181e+01
2.140657720495689e+01
4.887689320180664e+01
4.833311395640599e+01
6.522876097645812e+01
2.147471666286671e+01
6.525499905512883e+01
2.142614497509668e+01
5.763073635095869e+01
2.137680573895283e+01
7.265118584081570e+01
2.524975763981358e+01
3.491544706279895e+01
2.297124940287044e+01
6.527775485819159e+01
2.145058660195872e+01
6.522876097645801e+01
2.147471666286653e+01
5.152640837537156e+01
2.275399925276423e+01
6.556916416325143e+01
2.148895693744043e+01
6.342098230007004e+01
2.182377600832837e+01
5.763073635096040e+01
2.137680573895248e+01
6.188475982632520e+01
4.766003302680826e+01
6.560285911843334e+01
2.144098449434916e+01
4.993450709860372e+01
2.127821969416276e+01
6.556916416325156e+01
2.148895693744051e+01
6.680067179232705e+01
2.138230402436020e+01
6.331412473579358e+01
2.164801350221025e+01
1.034917102561603e+02
1.944602992695265e+01
7.370791176417228e+01
2.330515496541671e+01
6.493414709588812e+01
2.147269130024250e+01
7.520628904364700e+01
2.479608746299377e+01
1.208829402437216e+02
2.222217309798691e+01
5.657590376693159e+01
2.140248128513525e+01
6.632038557852562e+01
2.139839601958165e+01
4.993450709860371e+01
2.127821969416306e+01
6.482375538643410e+01
2.151854721335914e+01
1.012644565098300e+02
5.391713717796926e+01
6.522876097645805e+01
2.147471666286686e+01
6.539639562631780e+01
2.150238574395672e+01
6.561729532945098e+01
2.143475736957452e+01
1.096168757151030e+02
2.338047994726479e+01
6.518098523171984e+01
2.149250171990583e+01
6.482375538643433e+01
2.151854721335870e+01
6.513055634960160e+01
2.147404154199181e+01
5.735304631916522e+01
2.185755612828629e+01
6.513055634960173e+01
2.147404154199200e+01
6.525499905512970e+01
2.142614497509776e+01
6.522876097645826e+01
2.147471666286709e+01
6.513055634960135e+01
2.147404154199171e+01
5.657590376693116e+01
2.140248128513533e+01
6.539639562631781e+01
2.150238574395669e+01
6.605147973981161e+01
2.144354616575275e+01
6.605147973981153e+01
2.144354616575255e+01
6.561729532945114e+01
2.143475736957451e+01
7.745730135678380e+01
3.250158468431351e+01
6.590762505558770e+01
2.139412295540701e+01
5.755876980277437e+01
2.132755893030851e+01
6.560285911843341e+01
2.144098449434921e+01
6.525499905512952e+01
2.142614497509829e+01
6.605356128312458e+01
2.151608724483857e+01
6.518098523171984e+01
2.149250171990582e+01
6.605356128312482e+01
2.331900648226332e+01
-4.437880209130228e+01
-9.625270882171190e+00
-2.540341421198125e+01
-1.769908692353902e+01
2.568790299176997e+00
-2.860035206450360e+01
-6.459174528775819e+00
-1.499987844265623e+01
1.903467421493024e+01
-3.218008184427041e+01
3.710950099229901e+01
2.087159554509614e+01
2.388408003350892e+01
2.673716962248142e+01
-1.000224329121689e+01
-9.357689378604286e+00
-1.656611175531236e+00
-1.442262152562068e+01
5.643457475880623e-01
4.736493729315960e+00
-6.281132711361933e+00
-1.032839180151980e+01
5.369665796235401e+00
2.710530162376213e+01
-1.628642494610276e+01
-1.758532493476081e+01
-6.568196814926356e+00
-1.243650361308381e+01
3.571515956300284e+00
6.820361970497127e+00
-1.876086381370153e+01
-5.061744989839189e+00
7.682378242941974e+00
2.175157720730540e+01
6.799052742552595e+00
2.934459571939933e+01
1.148152073903498e+01
-4.890875829944743e+00
7.928482847766499e+00
1.465672224681575e+01
1.012641159067756e+00
6.608230003293229e-02
3.023404883916247e+00
-1.305277205287859e+01
1.771369704108077e+00
-3.289528050890162e+00
2.907876902522183e+01
-8.028655060938798e+00
1.330150346925244e+01
-2.749667801706297e+01
-8.980524820797744e+00
-1.074206148259998e+01
3.429509868513175e+00
1.759134270063588e+01
-9.557982244077680e+00
-5.936310602106165e-01
6.164499623719484e+00
1.133927719551098e+01
-9.398305019956366e+00
-1.336142058863545e+01
1.845831474534920e+01
1.658542286578368e+01
2.604931538953506e+00
-1.366472497259549e+00
-3.886237998643661e+00
5.739033414687936e+00
-3.190683336157763e+01
-3.002734534268814e+01
-3.346311359721527e+00
1.396819146205611e+01
-5.695103661278958e+00
7.344282797809958e+00
-5.116641920697341e+00
6.884096514476080e+00
2.197082741660910e+00
-1.680992038121099e+00
-1.321602141818947e+01
-6.886981072508304e+00
9.338960558045216e+00
-2.250767700695943e+01
-2.557228800539106e-01
-1.568395498722909e+01
5.179621232604127e+00
-5.767374017631507e+00
5.206805566855996e+01
6.816950698969209e+00
3.216320018017632e+01
8.336202640818756e+00
-8.011440594991933e+00
-6.480193514640246e-01
-1.432584087431742e+01
-4.509182810021033e+00
6.549126069639858e+00
1.644191721249945e+01
-9.306229836175712e-01
8.134587452221917e+00
-2.540052509046306e+01
-1.834171019043599e+00
-9.650255488740248e+00
-5.507482848248989e+00
-8.527194707809734e+00
1.421602993883445e+01
-1.955687810455758e+01
-2.552681223359980e+01
1.979207085721598e+01
1.698460588896072e+01
2.610744941973531e+01
1.809178796559319e+01
-4.543404043649860e+00
-4.195489854144906e+00
1.997243827874407e+01
-5.423698698302003e+00
-3.444406674704477e+01
-1.279069953192112e+01
-6.060984044283297e+00
-1.398227774836007e+01
9.885015706083010e+00
-1.414911572408487e+01
-3.894677768661913e+00
1.265647737681348e+01
-1.915680931735772e+01
5.137907532862840e+00
-1.715300843514747e-01
4.448272422536546e+00
-2.084134011562702e+01
-9.021162091694155e+00
1.335656107566290e+01
5.929332470981739e+00
6.741849237682521e+00
4.172203254318081e+00
1.387719113237482e+01
-2.691357487299474e+01
2.135450286345314e+00
2.522983387253177e+01
-1.215698000452204e+01
4.615814699119920e+00
-1.270189255252670e+01
-2.916776464003779e-01
-7.883380077470296e+00
-1.390601989093367e+01
-1.208139961315907e+01
5.014312884966145e+00
1.684357538204849e+00
1.321231971594996e+01
-2.139502117369267e+01
1.570922381514239e+01
1.212067042245824e+01
-1.436373625179208e-01
-1.018709472234346e+01
-1.438007114808295e+01
1.803680667770113e+01
-4.484701730893330e+00
8.378082664089771e+00
-2.927409038215403e+00
8.898536587365028e+00
-2.785018166384464e+01
5.668206812710264e+00
-7.384286408536860e+00
5.042630897497014e+01
5.085239713896387e+01
-1.969214034702072e+01
7.526090135612858e+00
-9.802970560407443e+00
6.146097842912636e+00
-7.497074744511851e+00
5.954792748055459e+00
-9.261335019033361e+00
-9.359409286468470e+00
-2.157827222098777e+00
-1.940263833776142e+01
-2.574084146211205e+00
-7.101924506509334e+00
3.278809126708136e+01
2.476400114569030e+01
-3.721391943730563e+01
9.680469163443122e-01
-4.354851396421212e+00
1.553961167044202e+01
9.455633699398728e+00
-2.218545645036987e+01
1.670081099631009e+01
-2.292733851090636e+01
-1.551691366352609e+01
1.097361531574848e+00
6.154445621584900e+01
2.256969904045043e+00
1.441003054817191e+01
-3.213097879246390e-01
2.644914425051873e+00
1.659494123719806e+00
5.234560026057691e+00
6.619469799214403e+00
1.248166194963291e+01
-1.032147503818575e+01
-8.802106579412166e+00
6.671414045907004e+00
1.978921694139757e+01
2.324496164043727e+01
-3.577068556594862e+00
6.477272954160048e+00
-2.202013213255776e+01
1.850666825032162e+00
-4.356568206025964e+00
6.758539343526048e+00
-2.000345024342038e+01
-2.881231708314823e+01
-1.049225452597845e+01
-1.900215596534530e+01
-1.587068186356494e+01
-5.210257203550682e+00
7.370747358239004e+00
1.403446283221248e+01
-3.606096697092464e+01
4.650006939936357e+01
-2.159633806071988e+01
-9.870827996973969e+00
2.353397312535930e+01
-2.258103037245445e+01
1.262121821942225e+01
6.893458801964354e+00
2.759659730863812e+01
-6.322881286548053e+00
8.134580562897701e+00
1.396892812634525e+01
-1.275847909770275e+01
7.305859207984065e+00
1.251270396531088e+00
1.929256509491119e+01
-1.247920878587045e+01
2.807894603486645e+00
-2.677787284184547e+01
5.450323226929233e+00
-2.834513644213326e+00
-3.154241924860299e+00
4.107100892125580e+00
6.252014433673694e-01
1.950746101953813e+01
8.743499817216382e+00
1.552736973771103e+01
-1.175729911011702e+01
-1.260320935901927e+01
-8.586858853970828e+00
-2.307585688790966e+01
-7.550206177273383e-01
-9.771594467521471e+00
-1.643188276988434e+01
3.009641478505860e+00
-5.119192308021182e-01
6.372310260689307e+00
-5.238149263154130e+00
1.187657971221679e+00
-9.124269440862534e+00
-6.548277032736557e+00
7.486345458715604e+00
-2.448945376002171e+00
-3.087614516495551e+01
-8.739059847120915e+00
1.690420814683736e+00
-9.377692038514942e+00
-7.465159019566824e+00
2.828862850212391e+01
9.412613557686496e+00
2.453488193128659e+01
8.550967897181483e+00
-3.765116604688832e+00
1.341343458104158e+00
-1.997546348048215e+01
5.497266996486245e+00
-1.337193249016446e+01
1.566221433332286e+00
3.032815661573883e+01
1.518835060141225e+01
-2.772301297990650e+01
1.837079542460929e+00
1.072169430230075e+01
1.188538907659592e+01
-7.553544992201668e+00
1.918843716105613e+01
-2.527232582024075e+01
4.917132571205244e+01
-1.539954975544440e+01
2.921253154574731e+01
1.955246078999145e+01
-8.164027539527137e+00
1.265456811444064e+01
4.689872648006169e+00
1.164890197493658e+01
-2.593161105848463e+01
1.100609258585320e+00
6.990305861738537e-01
3.800080697098490e+01
-1.959035888482114e+01
4.207346162823091e+00
-5.573628425699860e-01
-2.042130771137645e+01
-1.618932945556057e+01
-4.974148599238661e+01
2.038320600158708e+00
-4.410227090677572e+01
1.184202930872589e+01
-3.022889834722502e+01
-4.608783864378243e+00
6.634698202047936e+01
-1.317622315299319e+01
3.945477933344425e+01
-4.147599846259142e+01
1.285012991821533e+01
1.581782610619390e+01
-9.853346745511486e+00
2.656090483603892e+01
-6.817684323801049e+01
2.673885410516644e+01
-1.847964608254065e+01
-7.958614276720278e+00
1.138038896932412e+00
-1.095559272639178e+01
1.731720511577228e+00
-6.643989842046388e-01
-7.192416394316665e+00
-1.548010546412376e+01
2.244298370316466e+01
1.288424557029263e+01
-1.315353366211595e+01
4.978366034589192e-01
2.234258582961621e+00
-2.686778440928448e+01
-7.281870509709616e+00
9.626362615835435e+00
4.642479065480484e-01
-3.023404669462982e+01
-4.153574626892350e+01
-2.674593466182138e+01
3.928168690461267e+00
-4.187957565686016e+01
-7.666356312496217e+00
3.080405231038520e+01
-7.380578208345296e+00
-6.972340540999586e+00
2.349882831182087e+01
6.945606046926385e+00
1.741764909779983e+01
-1.519320656879869e+01
-1.554633754858589e+01
6.465383231641332e+00
-2.022551928704334e+01
5.184402254342315e-01
3.789823361305337e+00
1.732874524930310e+01
3.037444376517398e+00
3.880529775271564e+00
-5.455950661756654e+00
-7.475457056604367e+00
-8.183908690858155e+00
1.133781063257269e+01
-3.625563611204074e+00
1.043632513991578e+01
-8.733143293790388e+00
-9.946554709633041e+00
6.711584445174719e-01
-2.185095871721503e+01
1.066524940004253e+01
-1.190316513203907e+01
-1.841071782025183e+01
-1.857681745145271e+00
-4.917731701838293e+00
7.490901635867783e+00
2.246274279370035e+01
3.915153734432988e+00
1.615929280488339e+01
-3.928034032501704e-01
-1.247020249476075e+01
-5.014175745260204e+01
-2.661285563177654e+00
2.545614218339250e+01
2.537890198820207e+01
-4.582933432347146e+00
5.025711432510683e+01
3.085594824235763e+01
2.626990747824398e+01
7.700844145453747e+00
-5.822192686656673e+00
9.103546674223272e+00
2.216073312383817e+01
1.266404730451371e+01
1.000593075279710e+01
7.638443716435266e+00
4.248515493139010e+00
-1.227587925634601e+01
1.385005829924451e+01
-1.056184183392707e+00
-8.219817932339060e+00
-3.426122631142519e+00
-6.531952814166796e+00
-1.033038010279474e+01
1.821275833346285e+01
2.347177779793467e+01
-8.470035370483581e+00
-1.959464930324154e+01
-8.353158064472431e+00
-9.087639389053033e+00
-7.069425690101406e+00
-3.026327014924324e+00
1.276764844813444e+01
-6.760931540117011e+00
1.715182266233011e+01
-2.600223601528085e+01
-4.987852985564401e+00
-3.683950414229323e+00
4.028904970672368e+01
-4.464512422547654e+00
1.402935483479946e+00
4.777977639963269e+00
-7.613530090967075e+00
-4.075740659860212e+01
-8.813527836772064e+00
2.359445929896602e+00
3.508033425035037e+00
7.348902086525038e+00
-2.179617110563177e+01
9.806800757461831e+00
-2.010199466471785e+01
1.540993642752719e+00
1.004410844649776e+01
2.137697270836605e+01
-1.504853608713466e+00
5.405431520359215e+00
-6.972957599825997e+00
1.364856191232067e+01
3.663755122619190e+01
-1.391203205015457e+01
1.447369347886419e+01
6.839203502568397e+00
-6.559601036845338e-01
1.262239264565507e+00
-3.821618365332394e+00
2.617569395683451e+00
-7.340239396654147e+00
1.062757325957529e+01
7.925794924479062e-01
1.639426006355673e+01
1.860431435090492e+00
2.581215190202304e+01
-1.130082505757852e+01
-5.287600886270429e+00
1.233366503773194e+01
1.599386386491640e+00
-3.946682059890030e+01
6.750365450657171e+00
-2.484807697378988e+00
-9.773332732103654e+00
-1.425139212964916e+01
-3.385579007137688e+01
-3.424749035095004e+01
-5.529097812255046e+01
2.477043920806571e+01
9.381364636608636e+00
1.720381920278724e+01
-6.876342245158877e+00
7.385636799140781e+00
7.007295296678551e-01
1.615885098270232e+01
-1.884300650058271e+01
5.398595240621051e+01
1.017426123463922e+01
-1.365352939433539e+01
2.934718904876183e+01
-3.550742054663345e+00
4.429286851214339e+01
-2.664762516260136e+00
5.223069048278598e+00
4.066066502566954e+00
4.612992617167036e+01
-5.493658384856561e+01
-6.796116741153796e+00
8.472894342195170e+00
-6.807533602306541e+00
3.748672469846966e+00
-2.191431216513605e+01
-2.148144429112896e+00
-2.404446498908125e+00
1.439255516941046e+01
-2.576669843309344e+01
2.106983889242966e+01
-3.150548659355783e+01
-5.903984266257040e-02
-3.084184795967290e+01
-2.689801577032694e+00
-3.159064575009348e+01
6.817333066313266e+00
-2.748354041270023e+01
1.441841824446166e+01
2.736808393877306e+00
5.399532247597249e+00
1.078730311552346e+01
2.065070948796045e+01
7.067541802675086e+00
-4.381182032517488e+00
2.837217076602278e+01
-5.100896942355618e+00
2.550706021388328e-01
-3.169186974878270e+01
3.641637121199019e+01
-6.324806995349923e+00
7.059853927562580e+00
-6.285534010401783e+00
2.222671877996529e+01
-2.479082278922686e+01
1.978224750601004e+01
-3.244334622964841e+01
7.847125910797913e+00
2.163069516079722e+01
2.005567871262106e+01
-6.475516954461722e+00
-9.719948418807370e+00
5.507682267664911e-02
-9.565213194450250e+00
4.133096981124673e-01
2.557856032193117e+01
-8.934068487869384e+00
4.337946410761812e+00
1.034367810871455e+01
2.353493956274697e+01
-5.646236776346050e+00
1.158940489815053e+01
1.149362088175936e+01
7.977491695257057e+00
-1.973751588083249e+01
1.076368204920282e+01
-3.893730306540414e+01
-1.213313577687503e+01
-8.698415715580436e+00
1.242633678185321e+01
-1.671705471263288e+01
-3.273818000208408e+01
5.140071264672777e+01
-2.648337250476880e+00
-6.468459874293824e+00
-9.311169590324265e+00
1.831913322453004e+01
-8.180000699046454e+00
-9.940332674866605e+00
3.413714140836429e+00
3.284567230399671e+01
-6.069942920883881e+00
3.643117512988805e-01
9.112380142801761e+00
-4.094775144885759e+00
-2.783382751951778e+01
4.718334877701049e+01
6.841883929040023e+01
1.316731787781161e+01
4.397492105491721e+01
-2.569918118664183e+01
-8.984482076932421e+00
2.157342348514899e+01
1.997292904239556e+00
1.135163206509653e+01
-1.839878136526435e+01
1.497225856765248e+01
-1.138291724429369e+00
3.358907155527164e+01
-2.049192073242924e+01
2.584275781260437e+01
9.006269364015717e+00
2.625088647686136e+01
1.969914799098418e+01
-3.416158926425558e+01
-1.167988900412511e+01
-3.997001792362344e+01
-2.221830620719059e+01
-2.925561038789494e+01
-2.258123547539160e+01
-2.966023484052736e+01
-1.758829970824170e+01
2.090434372044525e+00
1.556765455414195e+01
-1.949097283352841e+01
1.476900413464868e-01
-2.615146991410812e+01
1.900595349613776e+01
-2.751646129280424e+01
2.256501770549874e+00
2.436916237583275e+00
1.737516549362406e+01
5.303904743418943e+00
5.444932326411261e+00
2.420102559723116e+01
3.057417831544489e+01
2.587883379085653e-01
-1.492488155949743e+01
4.626040044162960e+01
4.261891600260671e-01
1.126140864399483e+01
-1.214226868200345e+01
-2.337266125773285e+01
-1.923179862299593e+01
-2.150923189201818e+01
-1.763368148551509e+01
2.757790086469706e+00
7.217279653420142e+00
-3.480138608240926e+00
2.523082499526283e+01
-5.702350150197962e+00
7.893877543924462e+00
1.227373679324016e+00
-6.301314836958237e+00
1.377288678376051e+01
-1.121004622746093e+01
1.094557835759501e+01
2.487683162062733e+01
-4.947841216083361e+00
8.130631198687963e+00
8.882265703510752e+00
-1.302863236056197e+01
1.299958376411183e+01
1.129099089152121e+01
-3.129713734639216e+01
9.308996267013875e+00
-4.603291232949658e+00
1.762764124642423e+00
3.591379171130642e+01
1.618837508302655e+01
3.586163372040889e+01
-1.171025746570918e+00
-1.116909196899541e+01
-1.068347589734494e+01
1.332835742344297e+01
-3.724803664727390e+01
3.219327162102625e+01
1.337576218377579e+01
-3.745993560790326e+00
1.735317037737181e+01
7.532841576545567e+00
-8.662493438662615e+00
-4.056850095159399e+01
2.234622041327383e+00
-3.315983916454750e+01
-2.059151165305143e+00
-2.707418400446354e+01
1.068410977015903e+01
-1.191947972137120e+01
-3.019462474892996e+01
-7.014691464929163e+00
7.546635128838365e+00
-9.216620518201831e+00
-1.338653176792689e+01
-2.416960733940480e+01
-1.096881948503912e+01
-1.688613272332695e+01
-2.205586052636681e+01
-5.488482099673509e+00
6.905835688935949e+00
-1.898512552935298e+01
2.902202828693461e+01
-8.217699137117400e+00
-4.844262826150400e+00
2.863091012925854e+00
-1.085520221256287e+01
-9.644811964048703e+00
7.098292614313314e+00
-3.426400026945393e+01
-3.206782251396142e+01
2.033384261670409e+01
2.390659082757088e+01
9.720784523795611e+01
4.639424746130260e+01
2.238156434375237e+01
-1.104837516983554e+01
7.383564396424850e+00
-3.301404462315073e+01
3.866321257630305e+01
3.118027592109533e+01
1.696557769863937e+01
2.137993103316074e+01
2.605250172617335e+01
3.493961346269658e+01
8.362420411902066e+00
-2.218040627585127e+01
-1.711365158882360e+01
1.641143531213087e+01
-4.272750713512998e+01
-1.122965307076761e+01
-4.701070700235704e+01
-5.433420642568930e+00
9.980877722419976e+00
-6.568721132616690e+00
-1.368365905967877e+01
-4.581636304298929e-01
-1.186313934197031e+01
2.701271443131127e+00
1.934140959074725e+00
9.090205966816959e-01
8.502700798376857e+00
3.141529010646287e-01
5.107877456558152e+00
-2.329023296723672e+01
3.426934940288594e+01
2.783187665641228e+01
-1.685223638913357e+01
-3.305151031731705e+01
-6.137017624194983e+00
-1.063897395940671e+00
6.215904060974455e+00
7.498904803539770e+00
2.136418084025975e+01
-4.373640438290393e+00
1.057186704462029e+01
3.066942067752470e+01
-4.615834263541998e+01
-4.266411348054186e+00
-2.022807503181918e+01
-2.221516572487911e+01
3.530556506197773e+00
-4.054829345130601e+00
1.831789844162490e+00
-1.018615103436643e+01
-2.792292075309723e+00
2.305153909130710e+01
1.808734490842834e+01
4.660972899268927e+01
2.518158001756887e+03
3.116069190859552e+03
2.079523976456067e+03
2.884113507602180e+03
2.424262181473405e+03
2.976375136294597e+03
2.414210307437200e+03
3.360109805324460e+03
1.977846925864530e+03
2.507443863602086e+03
1.372959244959288e+03
1.809370130744644e+03
2.527492715432672e+03
2.890301573397890e+03
2.219644377848550e+03
2.951404064492126e+03
2.995987046213510e+03
3.816062236838297e+03
3.081740827125289e+03
3.911760190043129e+03
2.565857851784267e+03
3.262967057438686e+03
2.814383880008558e+03
3.819767317726576e+03
4.245835700249816e+03
5.475643099048544e+03
3.958079444279587e+03
5.016820158824001e+03
2.750797957977592e+03
3.261757689090299e+03
4.278975989023123e+03
5.749670655660609e+03
4.096212246236934e+03
5.291978931002546e+03
4.124707586302738e+03
5.356492350428146e+03
3.436161258779637e+03
4.225243948491801e+03
2.199317575055404e+03
3.100912862023818e+03
2.048228002629455e+03
2.725969436525213e+03
1.916444127139399e+03
2.507199947965404e+03
1.350046077695494e+03
1.898255921836768e+03
5.400186796212914e+02
1.775241304552647e+02
3.399486217938042e+02
1.346654101868701e+02
2.008540564695821e+02
5.956889812517031e+01
3.362748249556150e+02
7.369543250080675e+01
1.540123386975713e+02
1.215924976919471e+02
9.536149905285377e+01
9.183267243750990e+01
