8.797222279066123e+01
9.227393897346788e+01
1.325081361986914e+02
1.434579592094733e+02
1.434579592094723e+02
1.649665401235060e+02
1.196029876502711e+02
1.282064200158856e+02
1.367885169506437e+02
9.807307130538391e+01
1.004194619505503e+02
1.301404101226697e+02
6.917705950227955e+01
6.292001778183366e+01
6.292001778183367e+01
1.102388957927079e+02
8.012688251306093e+01
7.489314021654319e+01
1.046140883886625e+02
6.198799166812276e+01
7.684846575418254e+01
7.880379129182194e+01
8.545189811979617e+01
1.845870722452453e+02
1.900259767705454e+02
1.496476959873347e+02
1.025128488751403e+02
9.625580715469398e+01
9.390941650952693e+01
1.087698905955864e+02
1.212839740364791e+02
1.607815498967952e+02
1.224170541291953e+02
1.658252810647909e+02
1.090109557974975e+02
1.447074013207509e+02
1.255610736219869e+02
1.181369873714462e+02
6.745541576747364e+01
7.236302422266792e+01
1.476183872130423e+02
1.387443134994098e+02
1.283269226181884e+02
1.248544589911156e+02
1.213819953640417e+02
1.174173018655937e+02
1.052942835322287e+02
1.089930161702470e+02
1.179875136433881e+02
1.070376906326076e+02
1.250266855788901e+02
1.109551114808807e+02
1.089997859432414e+02
1.340279528250261e+02
1.320726272873869e+02
1.426313851906397e+02
1.342620293380822e+02
1.067780951816200e+02
9.782093264149010e+01
7.951716571165980e+01
1.210949678457767e+02
7.163585295027788e+01
8.232840017890125e+01
8.462238238378899e+01
1.370273417215448e+02
1.269358358606953e+02
1.040358802533810e+02
1.451781733783854e+02
1.327578584727238e+02
1.533290050352269e+02
1.415931803926459e+02
1.603643055539848e+02
1.396378548550062e+02
8.571346656268079e+01
6.928110453395647e+01
1.402266697945977e+02
1.311777689195678e+02
1.285840688058167e+02
1.086397483218943e+02
1.051201623541435e+02
1.050511320041926e+02
9.410130899341297e+01
8.381729660828103e+01
9.826963782170434e+01
9.826963782170296e+01
1.044999716889710e+02
1.378795679979375e+02
1.200253653210485e+02
1.456422648139763e+02
1.219312972938777e+02
1.084272720774810e+02
9.492324686108317e+01
1.373644689697603e+02
8.628733506570362e+01
9.786221382261422e+01
1.241517224165299e+02
1.257159828466408e+02
1.004728974035970e+02
1.082941995541547e+02
1.529569016915339e+02
1.248092341814177e+02
9.743467665446558e+01
8.609378853615682e+01
1.240271039663618e+02
1.287545773441660e+02
1.436150514302257e+02
1.041174755699084e+02
9.433303025518548e+01
1.048917881584378e+02
1.068471136960781e+02
1.673741406434903e+02
1.468029940809888e+02
1.324420049713162e+02
9.750986929914265e+01
1.161403416576355e+02
1.300836725001089e+02
1.281545260406239e+02
1.008379123170313e+02
1.035571481969685e+02
8.685327064878355e+01
8.928380431571166e+01
8.761521286392164e+01
1.063240490309101e+02
7.672745951146892e+01
1.020623418209326e+02
9.047134489077466e+01
1.135441862349197e+02
1.135441862349198e+02
1.115888606972800e+02
9.621224436773520e+01
1.069144363605184e+02
1.388753648124572e+02
1.123711802425560e+02
1.061950301391145e+02
1.077592905692261e+02
1.042610166508981e+02
1.123365812187659e+02
1.084259301434873e+02
1.093926444541651e+02
1.597743924470535e+02
8.469268521141628e+01
7.726244816838658e+01
1.333293739634317e+02
1.278544624580410e+02
1.481898480494917e+02
9.508108207508282e+01
1.262170803855329e+02
8.828376495532774e+01
1.246539234546396e+02
1.164396500497010e+02
9.422290710140290e+01
1.063056971259158e+02
1.226759287720309e+02
1.063056971259160e+02
1.043568600251878e+02
1.140599588109729e+02
9.802628940232938e+01
1.069308473433518e+02
1.193776385583989e+02
1.138906331003872e+02
1.138906331003870e+02
1.138906331003869e+02
6.726038731791739e+01
9.854559592014887e+01
8.837790312442391e+01
9.502600995239767e+01
9.889089573851845e+01
1.114049791794103e+02
9.702916186287212e+01
1.067733473665124e+02
9.849784654831494e+01
1.004466836490433e+02
8.836389362452965e+01
1.086317994721006e+02
1.125294736735564e+02
1.149183354709772e+02
9.067229880424789e+01
1.051417077827811e+02
1.027953171376121e+02
7.338370803130310e+01
9.958507023567212e+01
8.120501018186050e+01
9.151915083925411e+01
8.724606588506859e+01
1.076547346224421e+02
1.096100601600819e+02
1.096100601600819e+02
1.139117763428887e+02
1.450176647957615e+02
1.344589068925094e+02
1.133413910860027e+02
1.256492452882778e+02
1.256492452882794e+02
1.025764039441331e+02
1.216421121108395e+02
1.427596279173453e+02
1.196867865731998e+02
1.216421121108394e+02
9.856927076669368e+01
9.897231441761431e+01
1.415187539814373e+02
1.356527773685188e+02
1.232167389579193e+02
6.864930013753700e+01
8.423999694335977e+01
1.076260421520967e+02
2.049454526468823e+02
1.232167389579195e+02
9.192639086422386e+01
1.134349717782573e+02
6.584816614810141e+01
1.032658384820783e+02
1.193151286139159e+02
1.193151286139156e+02
1.091474358181903e+02
9.232639606433627e+01
9.701917735467124e+01
1.110975212256749e+02
1.142260420858981e+02
9.103716820125281e+01
1.000018188646008e+02
1.005277971733158e+02
1.183597723145895e+02
1.171865769920072e+02
1.144491212393115e+02
1.025238312477091e+02
1.134736542584893e+02
1.115183287208495e+02
1.185575006563516e+02
1.095522569575373e+02
1.075969314198998e+02
1.032952152370919e+02
1.341893587317965e+02
1.131673940098953e+02
1.356220711378674e+02
8.372061350110586e+01
9.975428290974928e+01
8.372061350110641e+01
1.105478250302043e+02
1.183691271807625e+02
8.121794196561254e+01
1.027265228796467e+02
1.203244527184014e+02
1.032566642916109e+02
1.032566642916105e+02
1.091226409045295e+02
1.091226409045291e+02
9.293778321241135e+01
9.645736918016264e+01
1.034965411156630e+02
9.426343196993412e+01
7.666550213117924e+01
9.426343196993429e+01
6.600955652692750e+01
9.768583023668538e+01
8.165216082804274e+01
9.612156980657534e+01
9.662952734056013e+01
1.383788848012459e+02
1.570599529242976e+02
1.032776341685353e+02
8.802609497494726e+01
9.628195991031551e+01
6.812527216830674e+01
8.533213689953459e+01
8.337681136189450e+01
1.009132707432320e+02
1.185112005819861e+02
1.204665261196266e+02
1.185112005819863e+02
1.028685962808706e+02
9.585465865973772e+01
1.291309983081279e+02
1.056670918564537e+02
1.037117663188137e+02
1.134883940070113e+02
1.081156868699379e+02
8.102702879983234e+01
9.666963310094786e+01
1.183346916368198e+02
1.222453427120982e+02
1.042563477658143e+02
9.611377278693014e+01
8.829247063637250e+01
1.000244238622095e+02
8.047116848581391e+01
1.118971653251526e+02
8.501233698034794e+01
7.132505821687211e+01
7.132505821687270e+01
8.110168590506890e+01
8.561051991143852e+01
1.156067228725189e+02
1.089586160445425e+02
1.019194441090427e+02
1.066122253993772e+02
1.167061869876271e+02
8.424778306281200e+01
9.246015032089835e+01
9.011375967572977e+01
7.858665201085071e+01
6.450830813984653e+01
1.028326886775797e+02
5.473168045164964e+01
7.663132647321166e+01
7.124102637901991e+01
8.297297960485677e+01
1.570223410752311e+02
6.774478261909469e+01
8.883895621777454e+01
8.297297960485629e+01
1.044651995587609e+02
1.169377570034199e+02
1.025163624580335e+02
1.084213327815192e+02
1.118594545669610e+02
1.013006966637086e+02
1.013006966637087e+02
8.087120653409023e+01
9.182102954487111e+01
8.282653207173001e+01
8.282653207172966e+01
1.425007437800079e+02
9.836866464705776e+01
1.273074826041219e+02
1.147933991632288e+02
1.126793095374661e+02
1.248023278708310e+02
9.038859840837618e+01
1.201455937474293e+02
1.350060678334895e+02
1.188492132270607e+02
1.317874192773009e+02
1.356980703525798e+02
1.482121537934721e+02
1.356429100261616e+02
1.173180102987684e+02
6.267068806254306e+01
8.065968300882547e+01
1.139001291237053e+02
9.864858993011696e+01
2.397874000909285e+02
1.495631018587268e+02
9.239065811649186e+01
1.157246927321639e+02
8.091989816218343e+01
1.090765859041892e+02
1.039927395063273e+02
8.909923189086665e+01
1.722726449083091e+02
1.011156514785970e+02
9.258181853647878e+01
8.867116746120023e+01
1.023584462246762e+02
1.238670271387099e+02
1.428656397157007e+02
1.139268217586367e+02
1.272230354145845e+02
5.575458153563206e+01
9.447002718089324e+01
8.664872503033563e+01
8.273807395505573e+01
9.448195643600097e+01
8.746865334834671e+01
1.454443457100121e+02
1.200251137206995e+02
1.277007763847190e+02
1.233990602019123e+02
1.065832605782129e+02
1.065832605782134e+02
1.233990602019126e+02
1.574217245568384e+02
8.158831252492789e+01
8.784535424537349e+01
1.214769534927717e+02
1.195216279551338e+02
8.549896360020644e+01
7.584317800022588e+01
6.997720138730718e+01
1.200374146026677e+02
1.161267635273887e+02
1.366016746894111e+02
1.326910236141320e+02
7.925501310228235e+01
1.029641494667693e+02
1.326619313412594e+02
1.610179277726232e+02
1.479366368324769e+02
9.560877438751405e+01
1.054664680035272e+02
9.490771010027220e+01
8.786853816477247e+01
6.987954321848871e+01
1.254107884874493e+02
1.003826216056638e+02
1.093771190788083e+02
9.647197053038620e+01
1.731344363074780e+02
1.449777485654701e+02
1.148657352858219e+02
1.254244931890753e+02
1.543643702859267e+02
1.352021800170601e+02
1.418157988122102e+02
1.100695881069451e+02
1.648187031608493e+02
1.344577637806008e+02
1.008261645332014e+02
1.328935033504879e+02
1.033660784320875e+02
1.002375575718649e+02
2.414210861003616e+02
1.803546825126820e+02
1.061358950024740e+02
9.440394177663725e+01
1.010520486046115e+02
1.010520486046120e+02
8.267198855080061e+01
1.059092599144583e+02
1.481442915274705e+02
1.211607991080462e+02
9.325673309552829e+01
7.996051943958054e+01
9.016005059924660e+01
6.669614414757241e+01
5.535525602926425e+01
1.034562642551948e+02
1.176811544152441e+02
1.145526335550204e+02
6.566949511403467e+01
8.952446667323598e+01
1.273386779297633e+02
1.015283808329230e+02
1.316403941125700e+02
1.273386779297632e+02
1.402438264781842e+02
9.957305529528291e+01
1.316403941125702e+02
8.862323228450244e+01
1.524427862875494e+02
1.504874607499100e+02
1.524427862875491e+02
1.136638824903986e+02
1.485420561297111e+02
1.060884809238811e+02
9.474759280557244e+01
1.189936294723016e+02
1.229042805475804e+02
1.189936294723015e+02
1.416754057089192e+02
1.283791920529702e+02
4.336890769716543e+01
4.880737945703994e+01
5.269200214266447e+01
8.160013021230340e+01
7.768947913702414e+01
6.942270029375727e+01
5.787330915012168e+01
4.230381078450114e+01
4.774228254437561e+01
3.531148995037741e+01
5.473460337849921e+01
1.549991425369264e+01
5.799022893339583e+01
1.292633976723907e+02
1.154564770079791e+02
8.886404969608161e+01
3.048911360765957e+01
2.699295319059681e+01
7.671612356659008e+01
6.234301962977962e+01
6.428533097259165e+01
3.030148388602469e+01
4.234381421146131e+01
5.322075773120892e+01
5.477460680545895e+01
2.292070078333909e+01
1.142902011276452e+02
6.462493247160363e+01
7.184994086955602e+01
1.000066286115636e+02
7.967124302011341e+01
6.754822468674949e+01
1.023530192567312e+02
1.367667487191856e+02
1.023530192567312e+02
1.043083447943704e+02
9.996452764085009e+01
1.484566009743082e+02
1.527583171571189e+02
1.636872241754000e+02
1.738549169711253e+02
1.234075181000273e+02
1.515642058420348e+02
1.749021885956510e+02
1.083013557296141e+02
1.008711186865840e+02
1.465035646445732e+02
1.011400121713386e+02
1.548811313500439e+02
1.623118549081493e+02
7.041155463909490e+01
1.104408233521220e+02
9.049650286819873e+01
1.441538210919691e+02
1.070026358768197e+02
1.322221447627853e+02
4.571983835416291e+01
4.999292330834854e+01
5.846956971716912e+01
7.323113592254187e+01
1.142981441950844e+02
7.566449601752684e+01
2.356862632339707e+02
1.326608470114948e+02
1.596443394309196e+02
1.595258395460891e+02
1.423189748148617e+02
4.148782730515334e+01
6.246478980752645e+01
4.085538299015732e+01
6.960159086377892e+01
5.833618507546733e+01
4.279769433297191e+01
1.654074652292561e+02
8.948814963679557e+01
1.332874416799179e+02
8.284004280881990e+01
1.456922159496009e+02
1.498347183933207e+02
2.835225330782851e+02
1.306725281244541e+02
1.623488018342130e+02
1.218587044004665e+02
1.724147557236922e+02
1.237699454213458e+02
1.089094713352866e+02
1.404110855198267e+02
1.915687168271777e+02
7.143118220294448e+01
1.038895861277598e+02
1.469296530040571e+02
1.058449116654012e+02
8.745576691114294e+01
1.238248219112365e+02
1.617581373414417e+02
1.598807789711477e+02
9.601847033743253e+01
1.398177623805579e+02
9.836486098260166e+01
1.298009424342738e+02
1.111491540061594e+02
1.131044795437980e+02
1.217079119094120e+02
1.303113442750250e+02
1.067786755951807e+02
9.778417812203979e+01
1.001305687672063e+02
1.014441016154929e+02
5.710630926335746e+01
4.195628078942135e+01
5.999178501977020e+01
1.034995590987638e+02
4.678406788864707e+01
3.210477765810603e+01
4.764326840060399e+01
3.210477765810638e+01
6.046252326316477e+01
1.351081398668809e+02
1.351081398668809e+02
1.374545305120476e+02
1.153585088264645e+02
1.450119870549858e+02
1.430566615173459e+02
1.450119870549853e+02
8.780699624766591e+01
1.179190095273141e+02
1.258241501607893e+02
1.160475224725916e+02
1.277794756984288e+02
1.345949135356299e+02
1.363570803990091e+02
1.070271973344169e+02
9.685950453869219e+01
1.383124059366481e+02
1.265804527108117e+02
1.128931739473353e+02
1.265804527108121e+02
2.304488096024254e+02
1.547439036278195e+02
6.421044856035728e+01
4.270186764632351e+01
7.750666221630534e+01
6.968536006574749e+01
6.332146700307609e+01
1.126248874658084e+02
1.087142363905296e+02
1.102279719680428e+02
1.031888000325413e+02
1.008424093873744e+02
1.102279719680425e+02
9.455237746076791e+01
1.129324375145790e+02
1.027647447188564e+02
3.989536463203485e+02
1.129102043961061e+02
1.293349389122771e+02
2.568388797211711e+02
1.429695793454983e+02
1.124665009583225e+02
1.124665009583225e+02
1.161890402361173e+02
1.633530589304034e+02
1.226204887346367e+02
1.108885355087997e+02
1.273132700249732e+02
1.226204887346368e+02
1.108885355087996e+02
1.226204887346368e+02
1.097553165842761e+02
1.817653772470460e+02
1.099169287054771e+02
9.310112908177706e+01
7.046301990797673e+01
9.118947060695464e+01
7.241834544561623e+01
1.285338800734266e+02
1.543477304476350e+02
1.387051261465196e+02
8.123654717206472e+01
9.375063061295728e+01
1.211251881399094e+02
8.319187270970295e+01
6.833139862364470e+01
7.458844034409113e+01
9.543071289155257e+01
7.822384816032547e+01
1.181586138189673e+02
9.454683173806052e+01
5.771319015074396e+01
6.052416738313379e+01
9.682532967801848e+01
8.665763688229427e+01
8.665763688229391e+01
7.442545538486566e+01
7.638078092250500e+01
9.436977586878753e+01
8.029143199778336e+01
8.880855682414938e+01
6.776506405147963e+01
9.083790539562635e+01
9.083790539562538e+01
1.276678320410380e+02
8.887170217285247e+01
6.540779572117766e+01
6.170794462573024e+01
9.533954387312917e+01
1.203677107549143e+02
2.122849661695963e+02
1.531205443108141e+02
1.488188281280073e+02
1.108852136703353e+02
2.310465264257985e+02
3.264887703426117e+02
1.515559848532359e+02
5.693790797184541e+01
5.889323350948519e+01
8.118394463857527e+01
6.475921012240329e+01
8.118394463857501e+01
8.509459571385335e+01
1.211468392499410e+02
1.219062811577268e+02
1.074595604864650e+02
1.152808626370223e+02
9.729186769073975e+01
9.533654215310088e+01
8.084221745992221e+01
9.257417068575893e+01
2.131039026571800e+02
1.255775641577086e+02
1.197115875447897e+02
1.314435407706258e+02
3.329480818334553e+01
5.245699845221198e+01
3.133948264570612e+01
4.502676140918136e+01
9.412536772443539e+01
9.525924543946178e+01
7.883451092328876e+01
1.241053952240763e+02
1.553906038263083e+02
1.690778825897831e+02
1.131341185169554e+02
1.064860116889813e+02
1.377712202912122e+02
1.257346669113636e+02
9.405839320160388e+01
1.077456719650810e+02
1.210418856210293e+02
1.365765613310784e+02
1.252356732127698e+02
1.385318868687182e+02
1.033360271912081e+02
1.318837800407438e+02
1.232070754943983e+02
1.232070754943965e+02
8.877012420453423e+01
8.693132339935185e+01
7.676363060362686e+01
6.659593780790247e+01
5.486398458206509e+01
9.320537275011313e+01
1.034794863735613e+02
8.979220761008541e+01
1.057749822501053e+02
9.717154988449133e+01
9.521622434685223e+01
1.201603310988748e+02
1.158586149160683e+02
1.188179888682081e+02
1.082592309649551e+02
9.535408241653472e+01
1.684969888136182e+02
1.987542668467294e+02
1.915982342829894e+02
1.395534474490322e+02
9.782220874754060e+01
7.282425738756439e+01
8.533834082845777e+01
7.630262866306025e+01
1.201370308940739e+02
8.412393081361803e+01
6.848132651250286e+01
5.961244535825725e+01
5.374646874533899e+01
6.352309643353606e+01
9.915294406229849e+01
8.781205594399063e+01
7.608010271815294e+01
5.559178671602722e+01
1.040838600494850e+02
9.586308252948055e+01
7.122422558599764e+01
8.647576477958563e+01
7.709020219891653e+01
1.204002626710600e+02
7.122422558599922e+01
1.193481518671840e+02
8.295617881183455e+01
1.169788431667615e+02
5.235809495168063e+01
7.934158737110397e+01
3.710655575809372e+01
9.969992628940606e+01
1.158857142123251e+02
1.401317508790543e+02
2.039459462124510e+02
1.463887925995004e+02
8.597990938011958e+01
8.597990938011866e+01
8.046907378537358e+01
1.679126668154555e+02
1.725212546570932e+02
1.848426037554793e+02
7.714582046062033e+01
1.011257192118970e+02
1.829133024346843e+02
1.230253652334594e+02
1.069916958248160e+02
1.627749295830482e+02
1.100102716954175e+02
1.913833549523441e+02
1.350795101705241e+02
1.291760995958038e+02
1.162709510473818e+02
9.058733900938523e+01
1.295691473385785e+02
1.034924875578057e+02
6.946982320287955e+01
6.321278148243299e+01
8.433029728893891e+01
6.086639083726556e+01
7.572686492332522e+01
4.570379700273558e+01
1.020171724867520e+02
6.017320598126703e+01
7.268728942215952e+01
9.380480522866618e+01
5.357040745491212e+01
1.055820667561216e+02
6.373810025063707e+01
9.697863439050744e+01
5.357040745491233e+01
6.897662407713898e+01
9.072159267006099e+01
7.625218369152901e+01
1.293569672116046e+02
5.661885721141735e+01
8.360234963084173e+01
5.976426970308312e+01
3.512716792882564e+01
1.159077289860160e+02
8.244604593970033e+01
7.892645997194974e+01
7.501580889667012e+01
7.769781033445963e+01
1.235661218699585e+02
7.378715925918040e+01
8.239059162479415e+01
1.097651491517464e+02
8.344775879944015e+01
8.344775879944015e+01
1.225542695522289e+02
9.987249331561122e+01
1.080848605736971e+02
1.657699538148703e+02
1.419149822556686e+02
1.536469354815075e+02
1.344847452126397e+02
1.489541541911707e+02
1.262843780020845e+02
1.161166852063599e+02
8.404934638907275e+01
1.184630758515272e+02
1.231558571418620e+02
1.493572193462296e+02
8.585097599275086e+01
1.250313178188381e+02
8.585097599275088e+01
4.279702493441712e+02
9.719186411105964e+01
1.187004450250939e+02
3.458449510704962e+02
1.481216226942018e+02
1.238755860274731e+02
1.058865910811897e+02
1.332611486081422e+02
1.074508515113008e+02
1.375166868496441e+02
1.315344299083060e+02
1.133615887902370e+02
1.356522999193269e+02
1.356522999193264e+02
1.356522999193269e+02
1.205116274263647e+02
8.609789796390974e+01
9.000854903918973e+01
1.335224287081146e+02
1.112573016554152e+02
9.952534842957851e+01
1.464093545364625e+02
4.465379209233666e+01
3.253077375897200e+01
9.380150520212149e+01
6.095203616977883e+01
5.656788647744852e+01
4.483593325161185e+01
7.885859760653814e+01
9.411013680012553e+01
1.059314349109299e+02
9.224415614745398e+01
1.094510208786808e+02
1.829090248079769e+02
7.754904378944009e+01
1.021861455636963e+02
1.300966614454921e+02
8.942589026259211e+01
8.857238547115725e+01
9.482942719160359e+01
8.466173439587810e+01
1.809621697865063e+02
1.806920075093201e+02
2.416078448991911e+02
1.186543892479416e+02
2.095345650470682e+02
1.338932860887570e+02
1.258654488036211e+02
1.498426498390217e+02
1.399437926746250e+02
1.117849323577723e+02
1.321203179492225e+02
1.418969456374192e+02
1.690454220416942e+02
1.192151694008018e+02
1.368130992395564e+02
1.841763665054829e+02
1.797226443519930e+02
1.005191731329867e+02
1.005191731329852e+02
1.475279594768813e+02
1.456021785114740e+02
1.413004623286667e+02
1.018028864683505e+02
2.154977546905363e+02
1.000742734513379e+02
1.137615522148140e+02
1.394375044260704e+02
2.552709370380888e+02
8.220537057860965e+01
7.555726375063546e+01
7.125554756782883e+01
7.321087310546829e+01
7.555726375063431e+01
1.190919993932477e+02
1.014940695544924e+02
1.014940695544948e+02
1.190919993932475e+02
1.065436155876859e+02
1.421442800915721e+02
1.382336290162927e+02
1.339319128334862e+02
1.659992516507729e+02
1.296301966506797e+02
1.296301966506794e+02
1.167250481022595e+02
6.553532482169818e+01
7.804940826259099e+01
8.665284062820419e+01
6.788171546686583e+01
9.056349170348302e+01
1.366290401177379e+02
3.062523724552352e+02
1.467967329134639e+02
7.320766307332889e+01
9.354304866477879e+01
9.588943930994672e+01
9.349570525080077e+01
1.025412730836304e+02
9.154037971316100e+01
1.017080725088867e+02
6.924966858407176e+01
1.303940688444111e+02
1.108408134680155e+02
8.933223255398201e+01
1.069416953881060e+02
9.833826302249200e+01
9.012589576440659e+01
1.177926293570163e+02
1.197479548946558e+02
1.095802620989307e+02
1.260049966151022e+02
1.158373038193768e+02
1.138819782817372e+02
8.496745088804872e+01
8.496745088804883e+01
1.189901152429750e+02
7.519082319985223e+01
6.391177892932771e+01
6.623924489050405e+01
4.864131505174945e+01
4.864131505174915e+01
7.484267725611745e+01
5.750828763722335e+01
7.484267725611745e+01
8.070865386903617e+01
4.283460356519416e+01
9.839159838999223e+01
1.167716584438028e+02
1.089503562932451e+02
1.023022494652712e+02
9.017923113190625e+01
6.749745489528911e+01
1.324142627449186e+02
1.089503562932454e+02
1.218555048416661e+02
1.175537886588595e+02
1.089503562932456e+02
1.089503562932447e+02
9.951660660725923e+01
1.261090339191557e+02
8.895784870400556e+01
9.797084949399866e+01
1.038368261069172e+02
1.120491933650038e+02
1.280828627736468e+02
1.254932000214770e+02
9.342586120419121e+01
1.016382284622757e+02
2.113204862418109e+02
1.182483572524285e+02
1.084717295642314e+02
1.024706805712161e+02
1.139193693856502e+02
1.152058388502310e+02
8.718255215979879e+01
1.004159823925004e+02
9.650533131722226e+01
1.449228678701289e+02
1.209557081702896e+02
1.082372845430585e+02
8.906198501063145e+01
9.531902673107804e+01
7.850322710737896e+01
8.202281307512906e+01
7.068192495682088e+01
8.006748753748967e+01
2.192510936642851e+02
1.099079300383824e+02
1.153828415437726e+02
1.005223674577129e+02
1.059972789631031e+02
7.390423144865790e+01
1.110554166638081e+02
1.270890860724514e+02
1.130107422014475e+02
8.055233827663298e+01
1.110554166638079e+02
1.333461277928974e+02
8.285803125320410e+01
8.872400786612272e+01
9.263465894140144e+01
8.872400786612234e+01
9.067933340376173e+01
1.008470261994874e+02
8.849544064371176e+01
1.326857977943630e+02
1.268198211814448e+02
1.425182978671298e+02
1.115682819878567e+02
1.287751467190841e+02
9.729334963153516e+01
9.640380921183889e+01
1.284711480291246e+02
1.222141063086781e+02
1.093089577602561e+02
1.069625671150896e+02
1.020389130269171e+02
1.086870198548908e+02
6.918944399457432e+01
1.079777745083855e+02
7.817487497834175e+01
1.176815173280325e+02
1.176815173280324e+02
9.108909001613550e+01
1.196368428656715e+02
1.180154979748036e+02
1.508606267312574e+02
1.043238789354388e+02
1.270056551720578e+02
1.387376083978949e+02
9.546697574155804e+01
1.025061476770588e+02
7.747798079527369e+01
8.373502251572015e+01
1.095453196125607e+02
9.543734762019398e+01
1.067782357385032e+02
1.222410552256475e+02
9.252010705352798e+01
7.883282829005171e+01
1.771287276459198e+02
1.198946645804803e+02
7.974229153658278e+01
1.243237137947635e+02
9.929554691297885e+01
1.148178139226321e+02
1.238123113957728e+02
1.117164628185393e+02
1.234484160443761e+02
1.164092441088733e+02
1.778064659907526e+02
1.044752602893997e+02
1.091680415797345e+02
2.221901236194909e+02
1.021288696442320e+02
1.396711199669095e+02
1.208999948055724e+02
1.232463854507378e+02
1.279391667410731e+02
1.091680415797340e+02
1.560958544830810e+02
1.162072135152363e+02
2.148208569351873e+02
2.812822842058668e+02
2.207366258933229e+02
9.156620591538949e+01
1.068177451089776e+02
1.025160289261708e+02
1.321805464722905e+02
1.154211774745910e+02
1.778347731610950e+02
1.071252368323099e+02
9.109156742366687e+01
1.372253987862214e+02
8.248813505805316e+01
1.211847459855721e+02
1.360452200716333e+02
1.153187693726537e+02
1.028671443418893e+02
1.329791576215377e+02
1.786436713567807e+02
2.482346489854663e+02
1.177276184279501e+02
1.114889654807782e+02
9.584636117966306e+01
1.099247050506665e+02
1.924410901650504e+02
8.215908241618760e+01
8.724292881404949e+01
2.405333568554382e+02
1.140390754688543e+02
1.195139869742446e+02
1.159944010064936e+02
8.834416214568121e+01
8.130499021017934e+01
8.638883660804179e+01
1.192383056403842e+02
8.482457617792990e+01
9.492374089998668e+01
1.121306056312144e+02
2.140146800175994e+02
2.852888059518512e+02
8.632030853437345e+01
9.492374089998712e+01
1.921966523100968e+02
2.185971734145369e+02
2.871865225563492e+02
2.034020595668168e+02
1.406465416960408e+02
1.025775110779785e+02
1.045328366156175e+02
8.145999527147187e+01
1.343099272144705e+02
6.859279701201973e+01
9.518522432391708e+01
1.353285768634668e+02
8.253478734720210e+01
9.231141503539889e+01
1.062334651569013e+02
7.533932166219880e+01
1.557624439429644e+02
1.128815719848759e+02
1.039628281300818e+02
9.575046087199705e+01
1.106109349580570e+02
1.290142943303512e+02
1.322816843012272e+02
1.337585350046484e+02
1.582871693804788e+02
2.060501705025131e+02
1.164615544018958e+02
9.182445262763893e+01
1.082491871438094e+02
1.128576962034676e+02
1.037664869393212e+02
1.381802164017758e+02
1.096324635522397e+02
1.051823662377878e+02
6.451159505488832e+01
7.702567849578136e+01
1.255177518292388e+02
1.235624262915994e+02
9.892532451734172e+01
1.826778885901648e+02
8.484698064633886e+01
1.012717151625094e+02
1.864518642630243e+02
7.840649387155517e+01
9.913294457053318e+01
1.179040697318717e+02
1.069464813345304e+02
1.139934186565929e+02
8.974738198986316e+01
9.913294457053254e+01
1.046078560759231e+02
9.717761903289312e+01
6.814086191824929e+01
8.534772664947636e+01
1.060741773484546e+02
1.733775974721433e+02
9.825287519789673e+01
1.915271965567181e+02
1.112826641518934e+02
9.559203754736984e+01
1.096703814183726e+02
1.061507954506220e+02
8.750182649379501e+01
9.102141246154548e+01
1.211334257411932e+02
1.105746678379416e+02
1.338905172369397e+02
1.025251773879159e+02
1.954398893630206e+02
1.428332680535405e+02
1.153562733522965e+02
1.842957388871074e+02
1.277858227567256e+02
1.628678447111505e+02
1.561383606011093e+02
1.277858227567255e+02
9.885936244374101e+01
2.163912898758940e+02
7.760294940910535e+01
1.978947868817715e+02
1.988602905907181e+02
1.110902924008695e+02
2.086980256973993e+02
2.207234795588757e+02
1.406311995246653e+02
3.411458564730299e+02
1.741241990446864e+02
1.610342336164105e+02
9.163780905484080e+01
2.787940574398985e+02
1.342306758901117e+02
2.299208671149760e+02
1.635916223567940e+02
1.496830853025168e+02
1.021730248165502e+02
1.306337468735230e+02
9.784714570689448e+01
1.158127634164426e+02
1.064812066157995e+02
8.940348735308383e+01
9.058316417592381e+01
9.515898175215186e+01
1.087354085105275e+02
9.098744015150400e+01
7.238522238218663e+01
7.238522238218756e+01
1.074966669512892e+02
1.011225445258013e+02
1.318253964038101e+02
1.389142227351969e+02
9.163894027507256e+01
1.207713182223415e+02
1.589904484170403e+02
1.426217270111880e+02
1.603973826790169e+02
1.285247794416830e+02
8.559262381885036e+01
1.128626826460006e+02
1.012364166639149e+02
1.087702149344104e+02
1.006566463247300e+02
7.207963690394877e+01
9.344224183938015e+01
1.047985020726408e+02
1.088313712046402e+02
3.320631097502677e+02
1.353181989398682e+02
8.251102535509283e+01
9.536879013247709e+01
1.094164824535600e+02
1.348831200610168e+02
1.077373485652092e+02
3.420394768737103e+02
1.136179868295276e+02
8.798288276231825e+01
1.521079521149829e+02
9.865257078538234e+01
1.039067193983313e+02
5.666724145964753e+01
1.043201675543284e+02
5.666724145964797e+01
5.507160617999751e+01
9.922615106632001e+01
1.072478697292252e+02
1.207489358520967e+02
1.045097279665723e+02
5.917643599677033e+01
5.066302140130082e+01
8.501508129457332e+01
1.250986148866520e+02
9.620917119706500e+01
2.118672363205114e+02
6.505715616302028e+01
6.652607458643735e+01
9.852913795193334e+01
5.666724145964806e+01
5.666724145964807e+01
1.142188288039618e+02
1.157536041596809e+02
5.803404627150967e+01
9.450030983676282e+01
1.087384247662400e+02
1.020835324493602e+02
9.116036680895931e+01
9.528964981965487e+01
1.233156675999196e+02
1.002985612712328e+02
1.031356485371230e+02
1.088944594123309e+02
1.929931380702502e+02
1.055057468486667e+02
1.069220966733948e+02
9.454309268121681e+01
1.067013766448959e+02
1.026452340413884e+02
1.868979422774009e+01
9.042610176128552e+01
1.017978674279508e+02
1.078490895489533e+02
9.908620229772866e+01
1.026197929871083e+02
9.590912948112017e+01
1.006362820041381e+02
1.156275902170616e+02
1.074541482190722e+02
9.632648573579768e+01
9.905880387648179e+01
7.628049864306965e+01
1.034276069155518e+02
1.351211662263012e+02
5.520131696996877e+01
1.426454708325264e+02
1.045056825708118e+02
1.235960873670557e+02
1.337971755616483e+02
9.454085468672946e+01
5.611428249439300e+01
8.554899068202397e+01
1.369373595795409e+02
5.803404627150758e+01
9.262344400058763e+01
9.427828598954189e+01
1.074972998707379e+02
9.794475421178566e+01
5.408488195774729e+01
1.040900250400202e+02
1.761567444860357e+02
9.265077000599294e+01
9.320761133098011e+01
5.832285543030314e+01
3.319379356633872e+02
6.954196846639181e+01
9.795332383336994e+01
9.855089822969011e+01
2.024680507322660e+02
1.077086467310229e+02
9.386602748063298e+01
9.934341187647046e+01
1.042501385331830e+02
1.064471072169004e+02
1.026168040960340e+02
1.530503171379234e+02
9.673585995489323e+01
1.100609973423653e+02
1.244351317671029e+02
1.162242296593802e+02
1.013334798989248e+02
1.060688986467193e+02
1.120031360107395e+02
1.089877765225303e+02
1.616235345753041e+02
1.357210141853301e+02
1.129431878347790e+02
5.766281895949277e+01
1.039508926131523e+02
7.203987490698489e+01
1.094723895145622e+02
9.442746297818033e+01
1.342704997896346e+02
1.764349089253339e+02
1.101830797589802e+02
1.017577933675452e+02
1.100824034967974e+02
1.058811698580519e+02
1.545598990454284e+02
1.048386625437701e+02
5.716799906131223e+01
1.318804731515880e+02
1.610012928138656e+02
8.484929473670422e+01
9.599811529445601e+01
1.076614772957083e+02
1.028465914761962e+02
1.051555013994397e+02
1.721509897471866e+02
1.142224131925914e+02
1.253540225908717e+02
8.101393721889579e+01
1.696152006763625e+02
2.743015818247652e+02
8.407223786186117e+01
1.045470637708621e+02
1.075670988886229e+02
1.029104520781710e+02
2.196346978610072e+02
1.058009301898558e+02
7.800160224669798e+01
1.194508591052471e+02
1.976869855897606e+02
2.091505545103201e+02
1.607314956894586e+02
1.000707760001351e+02
1.042005346669833e+02
1.135284520232288e+02
8.467201301636689e+01
1.092666633296503e+02
1.061569547064731e+02
1.044667278666253e+02
1.085481900071587e+02
9.869256323485517e+01
1.019333068754103e+02
1.148511698356950e+02
8.977350077025183e+01
1.008240542150670e+02
1.007169998284555e+02
1.039630279016818e+02
1.054933043828886e+02
1.054029455864057e+02
8.745508907511174e+01
1.032988846115496e+02
1.451518103729176e+02
9.706854513923106e+01
1.036165288641943e+02
1.048593586377822e+02
1.154305294714904e+02
1.034375893113408e+02
1.042378581516154e+02
9.620608426481738e+01
8.457864423425363e+01
1.038679355500361e+02
1.004587701174749e+02
1.219449213980123e+02
1.070261899223913e+02
1.144641360035652e+02
8.930863304810322e+01
8.695213004129650e+01
2.378750521938669e+02
8.552157655201718e+01
3.297233676619590e+02
1.046957841922154e+02
8.347170712353094e+02
1.174086232559435e+02
1.108968620474920e+02
1.812934585303742e+02
1.047096638742582e+02
1.011796529488279e+02
1.150237297766370e+02
1.064164483812153e+02
2.917003248863307e+02
1.682897483173843e+02
2.570074410329975e+02
2.779274972996009e+02
1.119181896918970e+02
1.214513497326125e+02
8.440139758206004e+01
7.464764543039782e+01
9.083097408824921e+01
7.804096083741339e+01
8.367823325966702e+01
1.032988846077299e+02
8.457864423425359e+01
9.770996572961607e+01
9.748687283996856e+01
3.409311852574139e+02
1.144014393333392e+02
9.452536888101598e+01
1.150671740230766e+02
9.812940013687890e+01
1.032988846077291e+02
1.417824369217564e+02
1.165346598934854e+02
1.034196731310342e+02
2.087458460183123e+02
1.034599359734081e+02
9.941411584010726e+01
1.464565073280968e+02
8.405212743244724e+01
1.883006005813901e+02
1.009189317489576e+02
1.139411393080730e+02
1.042378581516192e+02
8.430242396757947e+01
1.034196731310333e+02
1.040438576028552e+02
1.042084981591290e+02
1.035292883246688e+02
1.035422695509335e+02
1.034599359734077e+02
8.438641558505186e+01
1.034718803922613e+02
1.039147427491070e+02
1.148345465003863e+02
9.787297928984515e+01
1.471232951579233e+02
1.029813753824927e+02
7.393946310501298e+01
2.198356317965823e+02
1.054715997766805e+02
8.417449886794485e+01
7.407365420785874e+01
8.551431424997018e+01
8.394468723101667e+01
9.653709285739568e+01
8.210457880910720e+01
9.473417736789523e+01
1.765739317533683e+02
8.255688256195087e+01
1.079411438082975e+02
8.280710238853381e+01
8.020209546098954e+01
1.137350252740638e+02
8.120250251547404e+01
7.646177064541679e+01
1.242328680860741e+02
9.307354788469743e+01
7.468295874517018e+01
3.656608348945435e+02
8.031858890306252e+01
8.087273138270548e+01
1.309807595071914e+02
1.040689298482403e+02
8.059202428762450e+01
8.089005607395083e+01
9.422769983181951e+01
8.059202428762472e+01
8.054271078510956e+01
8.269751436922849e+01
8.084340443439646e+01
7.867434552872056e+01
8.059202428762525e+01
8.019344063549650e+01
8.013972053478102e+01
1.110525087135198e+02
9.860601905438337e+01
7.984477267984528e+01
8.050338342745546e+01
8.203754241553619e+01
8.133340219275122e+01
8.133340219275115e+01
7.528043224771059e+01
8.014897264191320e+01
8.059202428762494e+01
8.091957818805140e+01
8.329273622725958e+01
8.098120950797350e+01
9.356929363761176e+01
8.061374053681028e+01
8.049201235117150e+01
7.035736864521822e+01
7.478297068162396e+01
1.829059280979291e+02
8.013972053478108e+01
8.084224411420755e+01
7.413099714886604e+01
8.020209546098924e+01
4.011114088543732e+02
1.299764498171305e+02
8.026736342821005e+01
8.084115633480312e+01
8.050338342745577e+01
8.059202428762438e+01
7.998532261953306e+01
8.020209546098903e+01
8.023398311870046e+01
7.531091951620772e+01
9.243091285421173e+01
6.966198204025831e+01
8.038832050644979e+01
8.020209546099002e+01
7.413099714886583e+01
8.050338342745658e+01
8.030549514838971e+01
7.531091951620785e+01
8.717955590093720e+01
8.042824733741108e+01
7.035736864521817e+01
8.050338342745633e+01
8.047168103340752e+01
7.923256303483099e+01
9.653244216724912e+01
8.287385156484996e+01
8.001497068236399e+01
9.253737881288234e+01
1.118693658136145e+02
7.581246501870936e+01
8.050125195979240e+01
7.035736864521810e+01
8.000649354910577e+01
1.686154516866363e+02
8.020209546098894e+01
8.022895551134704e+01
8.037824136918424e+01
1.097256788678176e+02
8.020672151455548e+01
8.000649354910691e+01
8.013972053478061e+01
7.611028200294876e+01
8.013972053478139e+01
8.023398311870042e+01
8.020209546098864e+01
8.013972053478156e+01
7.581246501870926e+01
8.022895551134694e+01
8.073237783516473e+01
8.073237783516494e+01
8.037824136918411e+01
1.022386163597469e+02
8.049201235117039e+01
7.528043224771048e+01
8.042824733741207e+01
8.023398311870032e+01
8.098120950797315e+01
8.020672151455524e+01
8.098120950797309e+01
-1.167178355941315e+02
-6.772477813145296e+01
-8.340720869605457e+00
-3.551833261786639e+01
1.937598571047269e+01
1.002487967592129e+02
7.486227855333821e+01
-3.209572987632150e+01
-1.479511988772848e+01
-1.547410852961438e-02
-1.596049067218698e+01
1.224240521003816e+01
-4.538174365286014e+01
-2.354005970655792e+01
3.137534787404814e+00
-4.934579899358879e+01
2.526751085456043e+01
2.078223802874346e+01
3.954158943835263e+01
2.376591384397075e+01
7.758534691582343e+00
1.165091693994606e+01
2.054056495242708e+00
6.248154685838563e+01
4.183113597538858e+01
-3.197550819505401e+01
1.277385958155549e+01
-2.605444809314846e+01
2.228754790433086e+01
-1.736099264606690e+01
4.608206449841747e+01
6.570061462733584e+00
-1.107605615011872e+01
-8.258391151311771e+01
-5.102736595922178e+00
-1.208443971570819e+01
-1.753065265568818e+00
1.160627031762614e+01
-3.735770994632260e+01
1.840049526374663e+01
-1.160384610284435e-01
1.659995630796790e+01
1.244145181921895e+02
8.625883932481301e+01
-1.801387428112865e+01
-3.976107115612494e+01
1.901588532310101e+01
5.737383570713757e+00
-5.821255009165499e+01
-2.571993570433152e+01
-2.480015798646489e+01
-4.082379342072350e+01
5.452216624332171e+01
5.656983418029719e+01
-1.294207654464338e+01
5.051019432045504e+01
-9.061765428196178e+01
-2.841358945445498e+01
2.261240070651566e+01
-2.135213107175438e+01
-4.378764673652936e+01
-3.507232564392926e+00
-5.359376573204671e+01
3.622092127302560e+01
1.927683860129144e+01
3.077072314877172e+01
6.896083013118949e+00
-2.457812850005234e+01
-3.806247322768169e+01
-1.885824908100968e+01
-2.096643903874168e+01
-2.921541140745044e+00
-4.949446819135140e+01
2.780937490513733e+01
-2.546025214903813e+01
4.667713682800689e+01
1.205427254761417e+01
2.352255822668872e+01
9.544521840394204e+00
1.037680490574654e+02
-3.890568228598994e+01
-2.545509920121463e+01
-7.746648531860841e+00
-1.555983445099480e+01
-5.645720703096182e+00
-1.323362304872853e+01
7.755199127326767e+01
-7.100077622454278e+01
-2.270633400547608e-01
2.490805246434515e+01
3.022551418386134e+01
-3.121642836163973e+01
1.326683462491341e+02
3.260971113659006e+01
-4.473360682215838e+00
1.375277400278761e+01
3.173568861228850e+01
-2.576693078161911e+01
4.375124258321829e+01
-6.225046391865979e+00
-4.293733822093256e+01
-1.117513371053640e+01
-4.181956465001122e+01
-2.877064251836539e+01
-3.889556947193253e+01
2.292084395743299e+01
-6.925065177291782e+01
-5.431878435109812e+01
6.082427343261870e+01
2.218580379621716e+01
5.229010316805932e+01
1.918954943004034e+01
-2.677334384150737e+01
6.872210643320567e+00
-1.915797889947362e+01
-6.043411186316145e+01
-2.296446597115075e+00
7.137519975293810e+00
5.437723160732819e+01
4.897957875260281e+01
-2.812137480283232e+01
-6.881669190715992e+01
-1.770059950107780e+01
2.369185316529157e+00
1.271058604589858e+01
1.348608272654679e+00
-2.542096912810277e+01
-6.423210518082443e+00
-3.509428950988242e+01
-2.490600912524365e+01
7.400107122150848e+01
8.421018713272227e+01
-8.199860992508095e+00
-5.318229859335217e+01
-2.807460346738003e+01
9.326454382530460e+01
-7.043266703572776e+01
3.419850394206544e+01
-1.751609817904717e+01
-4.365552601215970e+01
-1.406161144630209e+01
5.903864543226080e+01
3.865096426969858e+01
3.186680817399630e+01
1.415864251948700e+01
6.698039226997132e+01
5.310466082582811e+00
-5.641514640872818e+01
-1.258062599133853e+02
-1.037597665347812e+02
-7.613002424284021e+01
1.318156314694772e+02
9.186517940984889e+01
3.692812402812419e+01
-1.883862148864666e+01
-1.192405197830596e+02
-6.048633476833523e+01
-6.914893168642281e+00
-3.040543442540898e+00
-2.702834102453264e+01
6.119892233045714e+01
-3.255357949713601e+01
-1.987042185297955e+01
-2.873059442246452e+01
-1.593543770221245e+01
-1.148325682882352e+02
3.630711821801995e+00
-2.928563690427128e+01
-1.244283023479672e+01
6.023680576134836e+01
5.498159202860830e+01
-3.996889792312313e+01
-5.034362108905419e+01
1.621315589116643e+01
1.108054614140944e+01
-1.856914936140946e+01
-1.836156513876615e+01
-5.668207347828678e+00
-3.386340190768610e+01
-1.027911180711981e+01
2.596005779419669e+01
-5.697671461499117e+01
-1.542332158074032e+01
5.505724152285432e+01
4.670936394781608e+01
-4.266005698487876e+01
-1.392614344288808e+01
6.549578602758233e+01
1.298216683364221e+02
7.577152039016850e+01
-7.340610976682315e+00
5.454766257142467e+01
2.916360705795526e+01
7.722311094594524e+00
3.405080464707448e+01
-2.167684118378279e+01
-2.405296303100489e+01
3.378708357191616e+01
-3.865141284961036e+01
-1.094341118300773e+01
-2.339244719002076e+01
3.693786386334458e+01
3.920818917287482e+01
-1.051068771211099e+01
7.753274737948517e+01
1.278080244674602e+01
-2.813848196002981e+01
-3.298443012632004e+01
1.442473281998250e+01
-3.957219542763652e+01
-4.329285551086073e+01
2.371488612750606e+01
1.176131269012352e+01
-1.195475269037042e+01
8.623498788210756e+01
4.068786894703158e+01
-1.434998841419873e+00
2.458971318179941e+00
-1.506712574579160e+01
1.439901055883342e+01
1.287538426251096e+01
-2.795676579406446e+01
2.856707326789308e+01
-7.883868714194948e+01
-2.223867540911778e+00
-4.489912077217296e+01
-9.322866590068281e+01
3.989419859664596e+01
3.340400234656851e+01
1.994632298574303e+01
4.403628984764334e+01
1.155669310593993e+02
-2.542401964641309e+01
1.593690910613039e+01
3.242653874986664e+00
1.902931467884086e+01
-1.276087890734314e+02
2.386890775403269e+01
6.595131085216957e+00
4.524382290441848e-01
2.919139327673401e+01
5.383520280391930e+01
-2.707929978881996e-01
-1.311514217630535e+01
1.198918995280160e+01
2.658341715443628e+01
1.639199444704318e+01
5.115351284288703e+01
8.614260246203062e-01
-4.453471465771399e+00
-4.637653379868526e+01
-8.477203630795120e+00
-1.228213100055206e+01
-6.111613643494984e+01
-6.383207724482902e+01
5.091865379849175e+01
-1.920893797768390e+01
2.937568778625945e+00
-1.172576654568300e+00
-3.024752714657874e+01
3.076943797658623e+01
-1.132332931486702e+01
2.411325314100156e+01
-4.981944211940895e+01
-9.274465931260092e+01
-1.427693595822720e+01
-2.936098404940439e+01
1.013338351806375e+02
-3.502410184085195e+01
3.074726395741844e+01
-3.643230999723237e+01
6.320189452740364e+01
7.508566943841141e+00
-1.386444754377099e+01
1.137581658625727e+02
3.998513522848671e+01
-3.583343568009089e+01
4.812796793099491e+01
3.606225121729852e+01
3.911159603900197e+01
7.311954497914208e+01
5.547340333445418e+01
5.648079048928859e+01
-9.371010181121493e+01
-9.907694233570906e+01
-8.025582353646642e+01
-7.349994282314246e+01
-2.928483511990247e+00
-3.544708668747899e+01
-6.257276534861792e+01
-4.986640344565933e+01
1.123548154223087e+01
2.528236651426097e+01
6.572864686721414e+01
-4.843581894348119e+00
1.031578596108030e+02
3.004562811201661e+01
-6.610088114123582e+01
-4.199418694040035e+01
5.925078202030952e+00
1.599795975900523e+01
-2.883976656558449e+01
1.043826154503913e+01
2.164028413080742e+01
1.815544241537903e+01
-4.060984324740886e+00
8.773904065978174e+00
3.297242820268227e+01
-7.325976923897130e+01
-3.253728018789917e+01
7.976026299107652e+01
8.029956653963754e+01
-3.419726661385302e+01
2.747160104208277e+01
7.265548527291858e+01
-1.760015058052020e+00
1.503795543494060e+01
-1.013327254892796e+02
-5.363210529133330e+01
-3.918660012563493e+01
-4.590472920603877e+01
-1.053792604349001e+01
-2.711900902075740e+01
-5.297471323987747e+01
-1.804772166651528e+01
4.673287387885368e+00
-3.993555171253965e+01
-1.102070392758317e+01
7.176151162745538e+00
-2.265786432667592e+01
-8.137824941705350e+01
5.611857892208680e+01
2.176525384000751e+02
5.715118240768988e+01
1.324507788414081e+01
7.406625226177381e+01
3.676941948333194e+01
6.241204442020753e+01
1.766779556314255e+01
-5.112057362084012e+01
-9.767371523518136e+01
-1.055517065949484e+02
2.100245308631557e+01
-2.120717916262198e+01
-2.678193113251550e+01
-1.572579378195754e+00
1.767006083696772e+01
8.545408269950910e+00
7.645633693130667e+01
-4.413512676272683e+01
-1.603248394539030e+01
1.469733051497810e+01
4.120072423136997e+01
-2.648136424623860e+00
-9.970339527552896e+01
-4.757339390874291e+01
3.770979312452045e+00
1.593039566361313e+00
-5.694870486875586e+00
4.135996602214335e+01
2.974675835918772e+03
2.467612218575129e+03
2.839650655824605e+03
2.862919244283543e+03
2.338629322898094e+03
1.638115278922735e+03
2.934894629745443e+03
2.637784833786176e+03
3.544268504661801e+03
3.645214958650984e+03
3.024637792828383e+03
3.347503284837973e+03
5.021243209806544e+03
4.649942367810760e+03
3.217204209682313e+03
5.085898634555735e+03
4.819735681757805e+03
4.859105680621454e+03
4.009573652516299e+03
2.640727669950009e+03
2.429241418495542e+03
2.311350342853551e+03
1.624680826065945e+03
6.634980398003986e+02
4.124655913416356e+02
2.230156452291863e+02
4.485977830166186e+02
2.191908103384701e+02
1.094331920352127e+02
