   14 2   1    1  -9 612 520
   15 1   1    1  19 704 547
   35 2   1    2  59 709 522
   36 2   1    2  -9 520 542
   37 1   1    2  63 721 505
   38 1   1    2  55 698 540
   39 1   1    2  45 670 512
   40 1   1    2  37 648 555
   41 2   1    3  -9 511 512
   42 2   1    3  -5 522 530
   70 2   1    4 -19 512 560
   71 2   1    4 -17 517 547
   72 2   1    4   5 581 549
   73 2   1    4   7 587 514
   91 2   1    5  63 705 510
   92 2   1    5  25 601 547
   93 2   1    5  31 617 539
   94 2   1    5  15 574 552
   95 2   1    6 -15 570 535
   96 2   1    6  -5 601 504
   97 2   1    6  21 578 529
  106 2   1    7  -7 563 544
  107 1   1    7  -5 569 547
  108 1   1    7  19 641 547
  109 2   1    8   9 518 550
  110 2   1    8  -9 472 537
  111 2   1    8  -7 477 539
  112 1   1    8  -3 571 519
  113 1   1    8 -25 506 564
  114 1   1    8  -3 487 567
  122 2   1    9   9 600 530
  123 2   1    9  15 618 545
  124 2   1    9  29 659 529
  125 2   1    9   5 588 542
  126 1   1    9   5 694 530
  127 1   1    9  -9 646 492
  128 2   1   10  -5 559 519
  129 2   1   10   9 600 540
  130 2   1   10  27 653 550
  131 1   1   10 -25 590 540
  132 1   1   10 -15 625 539
  133 2   1   11   1 570 520
  134 2   1   11   9 593 520
  135 1   1   11  39 680 520
  146 1   1   12  71 778 530
  152 2   1   13  35 665 502
  153 2   1   13  25 636 489
  154 2   1   13   9 590 547
  158 2   1   14  33 655 490
  159 2   1   14  25 632 494
  160 2   1   14  27 638 484
  155 2   1   15 -29 477 517
  156 2   1   15  43 684 510
  157 1   1   15  81 793 505
  206 2   1   16 -31 532 502
  207 2   1   16  -9 604 505
  208 1   1   16 -13 591 522
  202 2   1   17 -19 571 507
  203 2   1   17  -9 604 505
  204 1   1   17 -23 558 520
  205 1   1   17 -31 532 512
  211 2   2   18  -1 588 525
  212 2   2   18  -3 582 515
  213 1   2   18  -1 588 542
  214 1   2   18  -9 564 544
  215 2   2   19  11 617 507
  216 2   2   19  23 653 499
  217 2   2   19   3 593 517
  218 2   2   19   3 593 525
  219 2   2   19  -7 563 530
  220 1   2   19  15 629 522
  221 1   2   19  23 653 505
  222 2   2   20  31 657 517
  223 2   2   20  39 680 540
  224 2   2   20  27 645 495
  225 2   2   20  23 634 515
  226 2   2   20  11 599 530
  227 2   2   20  37 674 482
  228 1   2   20  45 698 532
  229 1   2   20  19 622 495
  236 2   2   21  27 590 497
  237 2   2   21   1 521 525
  244 2   2   22 -29 542 550
  245 2   2   22 -33 529 535
  246 1   2   22 -31 536 532
  266 2   2   23  -9 624 489
  267 1   2   23   7 678 542
  268 2   2   24 -15 592 519
  269 2   2   24 -35 526 530
  270 2   2   24 -13 511 547
  271 1   2   24 -33 455 542
  275 2   2   25  -7 614 517
  276 1   2   25  -3 627 490
  277 2   2   26  21 603 537
  278 2   2   26   9 570 555
  279 2   2   26  -9 520 540
  293 2   2   27  -7 570 537
  294 2   2   27   7 612 505
  295 2   2   28  -7 570 530
  318 2   2   29  -5 579 517
  319 2   2   29   5 610 524
  320 1   2   29  21 659 537
  321 2   2   30  -1 588 502
  322 2   2   30 -17 650 507
  323 2   2   30 -17 650 510
  324 2   2   30 -25 515 535
  325 1   2   30  11 624 515
  326 1   2   30  17 642 537
  327 1   2   30  -5 693 519
  328 1   2   30   9 618 514
  336 2   2   31  -7 566 487
  337 2   2   31 -11 554 519
  338 2   2   31 -11 554 540
  339 2   2   31 -17 536 500
  340 1   2   31  -5 572 535
  341 1   2   32   5 602 525
  332 2   2   33 -13 548 547
  333 2   2   33  -7 566 505
  334 1   2   33   5 602 519
  335 1   2   33   5 602 512
  345 2   2   34 -17 640 517
  346 1   2   34  13 623 497
  347 1   2   34  -9 669 495
  372 2   2   35  45 764 477
  373 2   2   35   5 637 482
  374 2   2   35  -1 618 464
  385 2   2   36  17 624 524
  386 2   2   37 -19 512 545
  387 2   2   37 -15 523 535
  388 2   2   37  -3 480 507
  389 2   2   37 -13 529 542
  390 1   2   37  21 628 547
  391 1   2   37   1 570 542
  392 1   2   37  -3 558 507
  406 2   2   38 -13 489 505
  407 2   2   39  21 565 497
  408 2   2   39  51 644 465
  409 2   2   39  17 555 504
  410 2   2   39  25 576 507
  413 2   2   40  21 554 532
  414 2   2   40  15 538 529
  421 1   2   41 -13 591 510
  419 2   2   42 -17 578 530
  420 2   2   42 -21 565 524
  422 1   2   43 -21 561 542
  425 2   3   44   7 601 507
  426 2   3   44 -15 536 512
  427 2   3   44 -11 548 510
  428 1   3   44  15 625 507
  491 2   3   45   5 667 549
  492 2   3   45 -19 587 547
  493 2   3   45   3 660 474
  494 2   3   45 -21 580 522
  495 2   3   45  13 693 512
  496 1   3   45  39 780 480
  497 2   3   46   9 642 532
  504 1   3   47 -19 550 570
  515 1   3   48 -19 540 567
  516 1   3   48   5 613 540
  517 1   3   48   5 613 560
  518 2   3   49  11 656 529
  519 2   3   49   9 650 509
  520 2   3   49   3 607 500
  521 2   3   49  -5 605 520
  522 2   3   49  31 720 455
  523 1   3   49  35 706 509
  513 1   3   50  15 644 534
  514 1   3   50   5 613 545
  525 2   3   51   1 583 494
  526 2   3   51 -35 476 555
  527 1   3   51 -27 500 572
  536 2   3   52  -5 556 540
  537 1   3   52  17 620 565
  538 1   3   52 -21 509 580
  549 2   3   53  31 601 512
  545 2   3   54  27 590 519
  543 2   3   55  69 702 482
  544 2   3   55  45 638 477
  546 2   3   56  21 574 482
  547 1   3   56 -25 452 540
  548 1   3   56  23 580 499
  551 2   3   57  37 598 522
  552 2   3   57  31 582 532
  553 2   3   57 -11 474 535
  554 1   3   57   5 515 545
  555 1   3   57 -15 464 545
  576 1   3   58 -17 586 545
  580 2   3   59 -17 546 522
  581 1   3   59  -5 583 547
  593 2   3   60   9 604 535
  590 2   3   61  13 615 545
  591 2   3   61 -29 491 550
  592 1   3   61   1 580 540
  595 2   3   62  29 622 512
  596 2   3   62   1 544 522
  597 2   3   62  29 622 515
  598 2   3   62  15 583 527
  599 2   3   62 -17 494 542
  600 2   3   63   1 541 520
  601 2   3   64  45 656 502
  602 2   3   64  23 596 519
  668 2   4   65 -17 560 542
  669 2   4   65 -31 516 540
  665 2   4   66 -35 503 537
  666 1   4   66  -5 597 534
  670 2   4   67   5 629 517
  671 2   4   67  -9 585 532
  672 2   4   67  15 660 525
  673 2   4   67  -3 604 530
  674 2   4   67  31 711 542
  675 2   4   67  27 698 514
  676 2   4   67  27 698 514
  667 1   4   68  19 673 517
  681 2   4   69  -3 555 550
  682 2   4   69 -31 474 552
  683 1   4   69  -5 549 545
  697 1   4   70  45 663 485
  698 1   4   70  49 674 467
  699 1   4   70  43 657 504
  702 2   4   71  -9 628 499
  703 2   4   71  15 577 497
  704 1   4   71  33 626 539
  705 1   4   71 -11 622 529
  706 1   4   71  -9 628 517
  728 2   4   72  -1 602 520
  729 2   4   72   9 634 527
  730 2   4   72  11 640 472
  731 1   4   72   9 634 547
  732 1   4   72 -13 565 540
  722 2   4   73  -7 584 490
  723 1   4   73 -17 553 520
  724 1   4   73 -11 571 532
  725 2   4   74 -29 516 525
  726 2   4   74  13 533 572
  727 2   4   74  -7 584 529
  717 2   4   75 -19 547 470
  718 2   4   75 -15 559 500
  719 1   4   75  19 549 462
  720 1   4   75  -3 596 522
  721 1   4   75   9 634 504
  742 2   4   76  -3 568 522
  743 2   4   76 -17 527 527
  744 2   4   76  -7 556 537
  745 1   4   76  19 633 557
  746 1   4   76   1 580 560
  747 1   4   76   3 586 567
  748 1   4   76  13 615 535
  749 1   4   76  33 675 534
  750 1   4   77 -29 483 532
  765 1   4   78 -17 586 560
  766 1   4   78   9 564 540
  767 1   4   79   7 558 569
  768 1   4   79  15 580 540
  793 2   4   80   7 580 504
  794 2   4   80  19 615 522
  795 2   4   80  -7 540 519
  796 2   4   80  25 632 505
  801 2   4   81  17 592 529
  810 2   4   82   3 538 527
  811 2   4   82   5 543 537
  812 1   4   82  11 560 535
  813 1   4   82  11 560 527
  809 2   4   83 -15 423 507
  824 2   4   84  15 550 520
  825 2   4   84  21 565 517
  826 1   4   84  25 576 492
  827 1   4   84  21 565 522
  836 2   4   85  45 591 525
  837 2   4   85  13 512 547
  838 2   4   85  35 567 547
  839 2   4   85  27 547 542
  894 2   5   86 -31 474 525
  895 2   5   86 -33 468 497
  896 2   5   86 -31 474 527
  897 1   5   86  -5 549 537
  898 1   5   86   3 572 540
  899 2   5   87 -21 500 530
  900 2   5   87   1 563 515
  901 2   5   87  -3 552 502
  902 2   5   87  -5 546 530
  903 1   5   87  29 644 539
  944 2   5   88  25 601 505
  945 2   5   88  13 568 512
  946 1   5   88  19 682 530
  947 1   5   88  19 682 530
  943 1   5   89 -19 481 542
  939 2   5   90   5 546 554
  940 2   5   90  17 579 507
  941 2   5   90   7 552 542
  942 2   5   90  -7 454 550
  933 2   5   91  -1 530 545
  934 2   5   91   3 541 530
  935 2   5   91   9 557 532
  936 2   5   91   3 541 540
  937 1   5   91   9 650 534
  938 1   5   91 -17 567 545
  948 2   5   92 -25 459 545
  949 2   5   92 -11 497 540
  950 1   5   92  11 648 557
  951 1   5   92  -9 585 550
  952 1   5   92  -3 519 569
  958 2   5   93  -7 487 542
  959 1   5   93  -3 497 570
  982 1   5   94   1 547 575
  987 2   5   95  19 591 522
  988 1   5   95  13 575 554
  984 1   5   96  21 597 572
  985 1   5   96  17 586 572
  986 1   5   96   7 558 560
 1004 2   5   97  17 544 547
 1005 2   5   97  15 538 520
 1006 1   5   97  17 544 552
 1007 1   5   97 -15 545 560
 1008 2   5   98   5 513 530
 1009 1   5   98  45 615 524
 1035 2   5   99   3 458 552
 1036 2   5   99   1 527 539
 1037 2   5   99  -9 500 537
 1038 1   5   99  25 591 540
 1039 2   5  100   1 524 547
 1040 2   5  100  -9 581 550
 1041 2   5  100  19 572 537
 1042 2   5  101  -3 596 552
 1043 2   5  101  -7 584 547
 1044 2   5  101 -13 565 565
 1045 2   5  101   3 615 512
 1059 2   5  102  45 529 537
 1060 2   5  102   3 503 560
 1061 1   5  102  -3 565 562
 1062 1   5  102  -5 559 567
 1069 2   5  103  29 619 514
 1070 1   5  103   7 558 567
 1071 1   5  103  17 586 552
 1072 1   5  103   5 552 559
 1078 2   5  104  17 498 534
 1079 2   5  104  19 575 540
 1080 1   5  104  39 629 540
 1123 2   5  105  21 647 535
 1124 2   5  105  -5 569 547
 1125 1   5  105  15 629 535
 1126 1   5  105  15 629 562
 1118 2   5  106 -25 509 542
 1119 2   5  106 -23 515 520
 1120 2   5  106  -9 557 510
 1121 2   5  106  -9 557 510
 1122 1   5  106  17 635 530
 1139 2   6  107  15 583 525
 1140 2   6  107  19 594 552
 1141 2   6  107   5 556 525
 1142 1   6  107  13 698 495
 1152 2   6  108  19 552 525
 1153 2   6  108  13 536 552
 1154 2   6  108  -3 495 552
 1155 1   6  108  -5 583 545
 1156 1   6  108 -13 558 525
 1158 2   6  109  17 544 542
 1159 2   6  109  25 564 539
 1160 2   6  109  -1 497 527
 1161 2   6  109  25 564 552
 1162 1   6  109 -19 537 532
 1165 1   6  110  35 587 554
 1166 1   6  110   7 612 507
 1163 1   6  111 -17 539 542
 1164 1   6  111  21 655 530
 1167 2   6  112   3 505 534
 1168 2   6  112 -29 423 559
 1169 2   6  112   7 515 554
 1170 2   6  112  33 582 502
 1171 2   6  112   9 520 539
 1172 1   6  112  -5 576 537
 1173 1   6  112  15 636 510
 1175 1   6  113 -23 518 540
 1200 1   6  114 -33 479 560
 1201 1   6  114 -19 603 530
 1204 2   6  115 -21 497 544
 1205 2   6  115 -35 457 554
 1206 2   6  115 -29 474 562
 1207 2   6  115 -15 514 547
 1208 2   6  115 -23 491 547
 1209 1   6  115  -1 554 567
 1210 1   6  115  -1 554 564
 1211 1   6  115 -21 572 557
 1219 2   6  116   5 541 559
 1220 2   6  116 -11 497 557
 1221 2   6  116 -13 492 537
 1222 2   6  116 -11 497 540
 1223 2   6  116 -15 486 525
 1224 1   6  116 -15 556 570
 1225 1   6  116 -17 549 550
 1227 1   6  117  -3 582 559
 1228 1   6  117  11 624 564
 1229 2   6  118  -9 550 527
 1230 2   6  118  -7 556 532
 1231 2   6  118  11 609 522
 1232 1   6  118  -3 568 565
 1233 1   6  118  19 633 542
 1247 2   6  119  15 565 525
 1248 2   6  119   5 538 512
 1249 2   6  119  17 570 527
 1262 2   6  120  63 597 530
 1295 1   6  121 -19 587 557
 1298 1   6  122 -25 556 565
 1330 1   6  123 -35 559 555
 1331 1   6  123  -5 552 564
 1334 2   6  124   9 586 537
 1335 2   6  124 -19 506 510
 1365 1   7  125  -3 568 550
 1366 1   7  125 -15 533 549
 1368 2   7  126 -19 518 545
 1369 2   7  126  13 612 530
 1370 1   7  126   3 582 555
 1374 2   7  127  29 651 494
 1375 2   7  127  17 616 507
 1376 2   7  127   7 587 500
 1383 2   7  128 -21 503 525
 1384 2   7  128  -3 555 517
 1377 2   7  129   3 572 532
 1378 2   7  129  19 618 539
 1379 1   7  129  15 607 537
 1380 1   7  129  43 688 535
 1381 1   7  129  21 624 550
 1382 1   7  129  -1 561 544
 1385 2   7  130  -3 555 527
 1386 2   7  130  -3 555 515
 1387 1   7  130  17 613 535
 1394 2   7  131   5 571 559
 1389 2   7  132 -15 514 535
 1390 2   7  132  -1 554 529
 1391 2   7  132 -11 526 545
 1392 2   7  132 -19 503 487
 1393 1   7  132   7 577 562
 1422 2   7  133  21 603 497
 1423 2   7  133  19 598 512
 1424 2   7  134  15 580 524
 1427 2   7  135  -7 516 554
 1428 2   7  135 -15 495 560
 1429 1   7  135 -15 539 567
 1430 2   7  136  13 571 522
 1431 2   7  136   3 544 552
 1432 2   7  136   9 560 542
 1433 2   7  136 -17 489 545
 1434 2   7  136 -11 505 540
 1435 1   7  136  17 635 552
 1436 1   7  136   9 560 554
 1426 2   7  137  13 571 514
 1458 2   7  138  -1 530 544
 1459 2   7  138 -31 529 542
 1460 2   7  138  -7 514 557
 1466 2   7  139 -23 467 547
 1467 2   7  139   7 549 547
 1468 2   7  139 -25 545 529
 1469 2   7  139 -27 538 552
 1461 2   7  140 -21 558 552
 1462 2   7  140 -15 489 560
 1463 2   7  140 -31 526 525
 1464 2   7  140 -33 519 547
 1465 2   7  140 -35 513 545
 1545 2   7  141 -15 584 537
 1546 2   7  141 -21 470 532
 1547 1   7  141   5 649 524
 1548 1   7  141   3 643 532
 1549 1   7  141  -9 604 550
 1550 1   7  141   5 649 555
 1553 2   7  142   5 526 550
 1554 2   7  142  23 574 537
 1555 1   7  142 -29 522 532
 1560 2   7  143   3 513 547
 1561 2   7  143  13 539 532
 1562 2   7  143  -5 492 487
 1563 2   7  143   1 508 524
 1564 1   7  143 -21 537 534
 1565 1   7  143 -15 556 535
 1556 2   7  144 -15 466 540
 1557 2   7  144 -31 425 502
 1558 1   7  144  -9 574 552
 1559 1   7  144   5 617 547
 1566 2   7  145 -21 446 520
 1567 2   7  146 -21 444 534
 1568 2   7  146 -25 434 487
 1569 1   7  146 -23 521 534
 1570 1   7  146   1 594 545
 1571 2   8  147  -5 565 542
 1572 2   8  147  -9 554 547
 1573 1   8  147  -3 571 532
 1574 2   8  148   7 598 524
 1575 2   8  148 -13 455 542
 1576 2   8  148  -7 470 539
 1577 2   8  148  -7 470 542
 1578 2   8  148  -3 480 542
 1579 1   8  148 -25 503 562
 1580 1   8  148  15 621 527
 1581 1   8  148   5 592 560
 1597 1   8  149 -13 595 544
 1609 2   8  150  -1 584 530
 1610 2   8  150 -35 482 530
 1611 1   8  151   9 607 550
 1612 1   8  151  -5 565 549
 1613 2   8  152 -21 680 535
 1614 1   8  152   3 604 529
 1615 1   8  152  -3 561 559
 1616 1   8  152  11 628 562
 1617 1   8  152  -7 573 560
 1618 2   8  153  -1 567 545
 1632 1   8  154   5 588 564
 1633 1   8  154 -13 535 554
 1637 2   8  155 -21 506 549
 1638 2   8  155 -17 517 542
 1643 2   8  156 -21 503 555
 1644 2   8  156 -21 503 525
 1645 2   8  156  -5 549 542
 1646 2   8  156 -23 497 535
 1647 1   8  156  21 624 537
 1648 1   8  156  15 607 542
 1649 1   8  156  -9 538 557
 1650 2   8  157  21 600 534
 1651 2   8  157 -17 494 525
 1652 1   8  157 -27 583 557
 1653 1   8  157  31 628 549
 1679 2   8  158  45 649 535
 1680 1   8  158  45 649 540
 1681 1   8  158  45 649 535
 1682 1   8  158  29 605 532
 1689 2   8  159  -5 503 537
 1690 2   8  159  -5 503 527
 1691 2   8  159 -17 471 545
 1692 2   8  159  -7 497 532
 1693 1   8  159  25 582 545
 1694 1   8  159  37 614 517
 1698 2   8  160   5 513 542
 1708 2   8  161 -25 538 559
 1709 1   8  161 -35 506 562
 1710 1   8  161 -15 570 565
 1712 2   8  162 -35 500 547
 1713 2   8  162 -35 500 522
 1714 2   8  162 -27 525 522
 1715 2   8  162 -35 500 532
 1716 1   8  162 -23 537 545
 1717 2   8  163  -3 600 540
 1718 2   8  163  -7 587 530
 1719 2   8  163   3 619 545
 1720 2   8  163 -17 556 537
 1721 2   8  163  -9 581 537
 1722 1   8  163  -5 594 547
 1723 1   8  163  19 665 532
 1724 1   8  163 -21 544 554
 1726 2   8  164  -7 563 540
 1727 2   8  164   5 599 530
 1728 2   8  164 -19 524 547
 1729 1   8  164  21 643 552
 1730 1   8  164   7 605 555
 1737 1   8  165   5 546 552
 1738 1   8  165   5 546 550
 1739 1   8  165  -9 508 557
 1747 2   8  166  35 593 519
 1748 1   8  166 -15 462 554
 1749 1   8  166  11 617 552
 1750 2   8  167 -19 524 550
 1751 1   8  167  15 625 557
 1752 1   8  167 -11 548 552
 1753 1   8  167   1 580 530
 1765 2   9  168   5 535 512
 1766 2   9  168   1 524 495
 1767 1   9  169   5 535 567
 1774 2   9  170  19 563 507
 1775 2   9  171  41 615 499
 1776 2   9  171 -33 609 532
 1777 2   9  171  11 536 520
 1778 1   9  171 -25 639 520
 1779 1   9  171 -31 617 534
 1780 2   9  172 -29 430 550
 1781 2   9  172  -3 497 527
 1782 2   9  172   5 518 547
 1797 1   9  173   7 549 492
 1798 2   9  174   5 541 557
 1799 2   9  174   5 541 560
 1800 1   9  175  35 612 557
 1801 2   9  176  15 559 527
 1802 2   9  176   7 537 524
 1803 2   9  176   3 527 517
 1804 2   9  176   9 543 530
 1805 2   9  176  11 548 525
 1806 1   9  176  19 569 529
 1807 1   9  176  37 617 560
 1808 2   9  177  19 560 517
 1817 2   9  178  15 533 515
 1818 2   9  178  15 533 499
 1819 2   9  178  13 528 555
 1820 2   9  178  25 558 524
 1839 2   9  179  -3 533 540
 1840 2   9  179   3 550 522
 1841 2   9  179   5 556 535
 1842 2   9  179 -33 450 532
 1843 2   9  180 -13 506 537
 1844 2   9  180 -17 494 527
 1845 2   9  180 -13 506 545
 1846 2   9  181 -31 456 530
 1847 2   9  181 -31 456 530
 1848 2   9  181 -29 461 527
 1849 2   9  182 -19 486 540
 1850 2   9  182  -9 514 542
 1851 2   9  183 -35 440 537
 1852 2   9  183 -31 451 552
 1853 1   9  183 -15 495 565
 1854 2   9  184   7 546 517
 1855 2   9  184  13 562 512
 1856 2   9  184   3 535 532
 1857 2   9  184   1 530 514
 1858 1   9  184  -3 519 567
 1859 1   9  184   7 546 532
 1875 2   9  185  23 606 512
 1876 2   9  185  29 622 517
 1877 2   9  185   5 556 537
 1878 2   9  185  45 667 497
 1879 1   9  185  17 589 525
 1880 2   9  186 -33 448 535
 1881 2   9  186  -1 536 517
 1882 2   9  186   1 541 515
 1883 2   9  186 -31 453 525
 1884 2   9  186 -27 464 530
 1885 1   9  186  -1 536 560
 1894 2   9  187  43 559 532
 1895 2   9  187 -35 376 554
 1896 2   9  187   5 469 547
 1897 2   9  187  -1 455 544
 1892 2   9  188 -17 418 532
 1893 2   9  188 -29 516 520
 1904 1   9  189 -15 474 547
 1905 1   9  189 -15 474 562
 1906 1   9  189 -21 460 550
 1907 2   9  190  -5 490 529
 1908 2   9  190 -15 464 540
 1909 2   9  190 -27 433 537
 1910 2   9  190  -7 487 545
 1911 1   9  190 -33 418 530
 1918 2  10  191  17 520 540
 1919 2  10  191  25 539 517
 1920 2  10  191  35 564 492
 1921 1  10  191  45 591 534
 1922 1  10  191  45 588 522
 1929 2  10  192  21 527 562
 1930 1  10  192  25 534 565
 1931 1  10  192  17 515 565
 1926 2  10  193  37 563 505
 1927 2  10  193  35 561 540
 1928 1  10  193  45 585 507
 1932 2  10  194   7 481 532
 1933 2  10  194   5 476 550
 1934 1  10  194  27 529 567
 1951 2  10  195 -19 494 550
 1952 2  10  195  15 590 544
 1953 2  10  195  15 590 554
 1954 2  10  195  -3 539 539
 1955 2  10  195  -1 545 547
 1956 2  10  196  27 624 490
 1957 2  10  196  35 646 497
 1958 2  10  197   3 550 537
 1959 2  10  197   7 561 545
 1960 2  10  197   5 556 527
 1961 2  10  197   7 561 547
 1962 2  10  197  -9 517 539
 1968 2  10  198   5 571 537
 1969 2  10  198  -1 554 537
 1970 2  10  198  -1 554 530
 1971 2  10  198 -19 503 544
 1972 2  10  198  -9 531 550
 1973 2  10  198 -23 491 550
 1974 2  10  198   1 560 510
 1975 2  10  198  -1 554 520
 1976 1  10  198  -1 554 522
 1977 1  10  198 -23 491 527
 1978 1  10  198  17 606 525
 1979 1  10  198   9 583 540
 1980 1  10  198   5 571 552
 1981 1  10  198  17 606 550
 1982 2  10  199 -13 517 520
 1983 2  10  199  -5 540 517
 1984 2  10  199 -15 511 550
 1985 2  10  199  -5 540 519
 1986 2  10  199 -13 517 525
 1988 2  10  200  33 594 532
 1989 1  10  200  27 677 552
 1990 1  10  200   7 616 549
 1991 1  10  200  23 665 525
 1992 2  10  201  -7 543 542
 1993 2  10  201  -5 549 510
 1994 2  10  202  15 603 529
 1995 2  10  202  13 598 532
 1996 1  10  202  15 603 535
 1999 2  10  203  -9 547 525
 2000 2  10  203 -17 524 529
 2001 2  10  203 -33 476 514
 2002 2  10  203  -9 547 554
 2003 1  10  203 -35 471 535
 2008 2  10  204 -27 477 514
 2009 2  10  204 -25 483 512
 2010 2  10  205 -11 520 542
 2011 1  10  205 -29 469 572
 2012 1  10  205 -19 579 567
 2014 1  10  206 -19 481 547
 2015 2  10  207  -5 576 524
 2016 1  10  207 -21 527 549
 2019 2  10  208 -25 491 537
 2020 2  10  208  11 595 520
 2021 1  10  208  -1 561 552
 2022 2  10  209 -15 517 520
 2023 1  10  209   5 575 570
 2024 1  10  209  -3 552 550
 2025 2  10  210 -15 511 537
 2026 1  10  210  -9 528 565
 2027 1  10  210 -27 477 565
 2029 2  10  211 -11 508 555
 2030 2  10  211 -23 475 547
 2031 2  10  211 -29 459 557
 2032 2  10  211  -3 530 535
 2033 1  10  211 -19 486 560
 2034 1  10  211   5 552 550
 2035 2  10  212   5 549 537
 2036 2  10  212 -15 495 544
 2037 1  10  212 -15 495 580
 2038 2  10  213  19 554 515
 2039 2  10  213   7 523 525
 2040 2  10  213 -15 570 530
 2041 2  10  213 -23 544 545
 2051 2  10  214   5 585 492
 2052 1  10  214  29 655 489
 2053 1  10  214  11 602 502
 2055 2  10  215 -23 497 530
 2056 1  10  215  -5 549 507
 2057 1  10  215   5 578 550
 2058 2  10  216 -15 517 525
 2059 2  10  216   1 563 475
 2060 2  10  216  -5 546 514
 2061 1  10  216  11 592 560
 2062 2  10  217  13 584 514
 2063 2  10  217  -3 539 545
 2064 1  10  217  45 674 552
 2065 1  10  217  41 663 502
 2073 2  11  218 -23 577 539
 2074 2  11  219 -19 568 505
 2075 1  11  219   7 652 527
 2076 2  11  220 -27 532 542
 2077 2  11  220 -29 525 542
 2078 1  11  220   9 486 552
 2079 2  11  221 -23 541 539
 2080 2  11  221 -29 522 520
 2081 2  11  222  -9 439 550
 2082 2  11  222 -13 569 532
 2093 2  11  223  -1 664 550
 2094 2  11  223 -23 589 532
 2095 2  11  223  -1 664 557
 2096 2  11  223  -9 637 514
 2099 2  11  224  -7 534 494
 2100 2  11  224 -25 570 550
 2101 2  11  224 -11 617 547
 2102 2  11  224 -13 611 532
 2103 2  11  224 -15 511 525
 2104 2  11  225 -33 513 535
 2105 2  11  225 -19 557 499
 2106 1  11  225  -9 589 515
 2116 2  11  226  -9 564 545
 2117 2  11  226 -29 503 547
 2118 2  11  226 -31 497 542
 2119 1  11  226 -25 616 555
 2110 2  11  227 -11 558 525
 2111 2  11  227 -19 533 502
 2112 2  11  227 -11 558 519
 2113 2  11  227 -27 509 522
 2114 2  11  227  -7 570 507
 2115 1  11  227  -3 696 547
 2120 1  11  228  -9 674 532
 2121 1  11  228  -7 681 535
 2122 1  11  228  11 746 520
 2123 1  11  228 -29 601 542
 2124 1  11  228 -11 667 530
 2131 2  11  229   1 645 515
 2149 2  11  230  -9 538 540
 2150 1  11  230   1 566 537
 2151 1  11  230 -15 621 550
 2152 1  11  230  15 607 542
 2153 1  11  231 -15 616 500
 2156 2  11  232  -5 576 520
 2157 2  11  232   3 600 500
 2158 1  11  232  11 624 515
 2159 1  11  232  -7 570 524
 2160 2  11  233 -31 494 517
 2161 1  11  233 -21 524 532
 2162 2  11  234  -5 572 550
 2163 2  11  234 -15 542 467
 2164 1  11  234   7 608 510
 2165 1  11  234   1 590 529
 2166 2  11  235   1 587 469
 2167 2  11  235   5 599 495
 2169 2  11  236  -5 487 555
 2170 2  11  236  17 544 540
 2168 1  11  237 -19 527 542
 2171 2  11  238 -11 529 520
 2172 2  11  238 -27 483 517
 2173 2  11  239  -3 539 499
 2174 2  11  239  11 579 509
 2175 2  11  239  -3 539 520
 2176 1  11  239   1 551 524
 2177 1  11  239  -5 642 530
 2193 2  11  240 -25 497 529
 2194 2  11  240   1 573 519
 2195 1  11  240 -17 520 550
 2196 1  11  240   5 585 554
 2188 2  11  241   7 591 552
 2189 2  11  242  -3 478 547
 2190 2  11  243  19 532 522
 2191 2  11  243 -13 532 535
 2192 1  11  243 -11 538 539
 2197 2  11  244  21 529 515
 2198 1  11  244  33 655 525
 2199 1  11  244  41 678 522
 2200 1  12  245  39 713 524
 2208 2  12  246  -1 530 525
 2209 2  12  246   7 552 544
 2210 2  12  246  11 563 549
 2218 2  12  247  45 652 524
 2221 2  12  248  27 590 502
 2222 2  12  249  33 594 510
 2223 2  12  249  27 578 547
 2224 2  12  250  43 617 515
 2234 2  12  251 -17 533 534
 2235 2  12  251 -33 485 534
 2236 2  12  251 -21 521 510
 2237 2  12  251 -21 521 524
 2238 1  12  251  -7 563 567
 2239 1  12  251  -9 557 529
 2240 1  12  251 -29 497 545
 2242 2  12  252 -17 527 527
 2243 2  12  252 -19 521 519
 2244 2  12  252 -11 544 494
 2245 2  12  252 -31 485 494
 2241 1  12  253 -11 544 525
 2254 2  12  254   5 602 529
 2255 2  12  254  -1 584 512
 2256 1  12  254 -11 554 527
 2259 2  12  255  -5 569 552
 2260 2  12  255 -13 545 519
 2261 2  12  255 -19 527 547
 2262 2  12  255 -15 539 555
 2263 2  12  255  -5 569 522
 2264 1  12  255   9 611 555
 2278 2  12  256   5 562 497
 2283 2  12  257   7 529 537
 2284 1  12  257  27 581 522
 2285 1  12  257  45 628 550
 2286 1  12  257  45 628 530
 2287 1  12  257  39 613 512
 2288 2  12  258  35 593 527
 2289 2  12  258   9 526 534
 2295 2  12  259   1 601 540
 2296 2  12  259 -11 564 502
 2297 2  12  259  25 675 517
 2298 2  12  259 -15 552 512
 2299 2  12  259 -17 546 532
 2300 1  12  259 -15 552 552
 2304 2  12  260  17 646 460
 2305 2  12  260  13 634 482
 2306 1  12  260  -5 579 485
 2301 2  12  261  19 652 495
 2302 2  12  261   5 610 507
 2303 1  12  261  15 784 512
 2307 2  12  262  -7 570 512
 2308 2  12  262 -35 485 522
 2309 2  12  262 -11 558 540
 2310 1  12  262  -3 582 530
 2311 1  12  263  -3 575 527
 2312 2  12  264  37 674 510
 2313 2  12  264  29 651 507
 2324 2  13  265   5 535 484
 2325 2  13  265  -5 508 565
 2326 2  13  266  -5 508 554
 2327 2  13  266  25 588 562
 2328 2  13  266  -5 508 555
 2329 2  13  266  -1 519 559
 2332 2  13  267  25 585 512
 2333 2  13  268   3 524 562
 2334 1  13  268  19 566 564
 2335 1  13  268  25 582 557
 2337 2  13  269  27 575 512
 2338 2  13  269  21 560 534
 2339 2  13  269  37 601 525
 2340 2  13  269  45 622 504
 2341 2  13  269  45 622 504
 2342 2  13  270  17 616 492
 2343 2  13  270  -3 558 524
 2346 2  13  271   5 578 529
 2347 2  13  271  17 613 520
 2344 2  13  272  -1 561 524
 2345 1  13  272  -1 561 529
 2348 2  13  273  -1 554 512
 2349 2  13  274  -5 540 522
 2350 2  13  274  -7 534 495
 2356 2  13  275  -9 574 454
 2357 2  13  276   3 607 502
 2358 2  13  276 -19 540 529
 2361 2  13  277  -1 588 522
 2362 2  13  277 -21 527 535
 2363 1  13  277 -23 521 530
 2359 2  13  278 -11 558 475
 2360 2  13  278   3 600 479
 2364 2  13  279  -5 572 529
 2365 2  13  279  -9 560 510
 2366 2  13  279   5 602 530
 2367 2  13  279 -15 542 525
 2368 2  13  279  13 627 532
 2384 2  13  280   9 614 520
 2385 2  13  280  19 645 537
 2386 1  13  280  41 711 540
 2387 2  13  281  -9 560 525
 2388 2  13  281  -5 572 522
 2389 2  13  281  -1 584 525
 2390 1  13  281 -11 554 545
 2391 2  13  282  13 598 530
 2392 2  13  282   9 586 530
 2393 2  13  282   9 586 539
 2394 2  13  282   5 575 537
 2395 1  13  282  37 667 520
 2396 1  13  282  31 649 540
 2397 1  13  282  25 632 522
 2398 2  13  283 -13 520 494
 2399 2  13  283  -9 531 502
 2400 2  13  284  -7 528 542
 2405 2  13  285   5 610 482
 2406 2  13  285  15 640 494
 2407 1  13  285 -11 561 535
 2408 1  13  285  21 659 505
 2401 2  13  286  13 634 510
 2402 2  13  286 -17 543 517
 2403 2  13  286  17 646 510
 2404 2  13  286  -3 585 529
 2412 2  13  287   1 594 537
 2413 2  13  288 -11 554 507
 2414 2  13  289  -5 569 517
 2415 2  13  289   3 593 525
 2446 2  14  290   1 551 539
 2447 2  14  290   1 551 545
 2448 2  14  290  -5 534 542
 2449 2  14  291  17 596 540
 2442 2  14  292  -3 539 525
 2443 2  14  292   7 567 530
 2444 2  14  292  -3 539 509
 2445 2  14  292  -3 539 527
 2450 2  14  293  19 594 500
 2451 2  14  293  33 633 512
 2452 2  14  293  23 606 515
 2453 2  14  293  45 667 494
 2471 2  14  294  -3 585 540
 2472 2  14  294   7 616 552
 2475 2  14  295  19 622 499
 2476 2  14  295   7 587 512
 2477 2  14  295  23 634 510
 2478 2  14  295  27 645 532
 2479 2  14  295  19 622 497
 2480 1  14  295  37 674 527
 2481 1  14  295  21 628 525
 2482 2  14  296  -5 514 542
 2483 2  14  296  29 605 542
 2484 2  14  297  45 642 510
 2485 2  14  297  45 642 537
 2486 2  14  297  37 620 525
 2487 2  14  297  17 567 530
 2492 2  14  298  -9 500 522
 2493 2  14  298  25 591 479
 2496 2  14  299  37 620 519
 2497 2  14  299 -19 471 547
 2498 2  14  299  25 588 559
 2494 2  14  300  45 642 507
 2495 2  14  300  33 610 535
 2502 2  14  301  29 596 514
 2503 2  14  301  45 638 497
 2504 2  14  301  19 569 524
 2499 2  14  302  31 601 504
 2500 2  14  302   9 543 530
 2501 2  14  302  33 606 474
 2515 2  14  303 -19 515 562
 2516 2  14  304 -17 520 562
 2517 2  14  304 -15 526 565
 2518 2  14  304   5 585 565
 2519 2  14  305   7 587 532
 2520 2  14  305  45 698 560
 2521 2  14  305  27 645 552
 2528 2  14  306 -33 479 550
 2529 2  14  306 -19 521 562
 2530 1  14  306  -5 562 567
 2531 2  14  307 -25 494 539
 2532 2  14  307 -25 494 542
 2533 2  14  307 -21 506 562
 2534 1  14  307  11 599 560
 2535 2  14  307  -7 547 547
 2546 2  14  308 -11 523 549
 2547 2  14  308 -27 477 542
 2548 2  14  308  -9 528 547
 2549 2  14  309 -27 477 542
 2550 2  14  309  -3 545 550
 2551 1  14  309  43 676 557
 2552 1  14  309  33 648 545
 2542 2  14  310   5 568 509
 2543 2  14  310  -5 540 535
 2544 1  14  310   5 568 547
 2545 1  14  310 -13 517 554
 2553 2  14  311 -13 511 552
 2554 2  15  312 -17 476 540
 2555 2  15  312   5 535 549
 2556 2  15  312  19 572 534
 2557 2  15  312 -33 433 562
 2558 2  15  312 -11 492 559
 2559 2  15  313   1 521 547
 2560 1  15  313   1 616 569
 2561 1  15  314  -3 604 550
 2562 1  15  314   9 642 552
 2563 1  15  314  17 667 540
 2564 1  15  314   5 629 560
 2565 2  15  315  45 628 507
 2566 2  15  315  -3 503 554
 2567 1  15  315  15 648 562
 2568 2  15  316   7 534 547
 2569 2  15  316   5 529 532
 2570 2  15  316   3 524 519
 2571 2  15  316 -13 481 555
 2573 2  15  317  11 632 544
 2574 2  15  317  -9 571 542
 2575 2  15  317   3 607 520
 2590 2  15  318  -7 511 525
 2591 1  15  318  21 684 532
 2592 2  15  319  -5 511 557
 2593 2  15  320   3 529 552
 2594 2  15  321   7 598 512
 2595 2  15  321  19 633 522
 2596 2  15  321  -3 568 532
 2597 2  15  322   7 594 542
 2601 2  15  323  19 569 510
 2602 2  15  323  45 638 510
 2603 2  15  323  25 585 530
 2604 2  15  323  27 590 502
 2605 2  15  324  19 566 532
 2606 1  15  324  11 545 565
 2608 2  15  325  15 556 532
 2609 2  15  325  -1 513 522
 2610 2  15  325  -1 513 530
 2611 2  15  326  17 561 519
 2612 2  15  326  -5 503 549
 2613 2  15  326  27 587 540
 2607 2  15  327  37 614 530
 2624 2  15  328  13 598 555
 2625 2  15  328  25 632 572
 2626 2  15  328  25 632 559
 2627 2  15  328 -11 529 572
 2628 2  15  329  15 603 527
 2629 2  15  329  17 609 545
 2630 2  15  329  15 603 557
 2631 2  15  329  23 626 540
 2637 2  16  330 -31 519 542
 2638 2  16  330 -19 557 545
 2639 2  16  330 -11 582 547
 2640 2  16  330 -11 582 524
 2641 2  16  330 -17 563 527
 2642 2  16  330  -5 601 537
 2643 2  16  331 -13 572 542
 2644 2  16  331 -27 528 540
 2655 2  16  332 -15 520 544
 2656 2  16  332  17 613 529
 2657 2  16  332   3 572 507
 2658 2  16  333 -27 477 502
 2659 2  16  333 -17 506 532
 2660 2  16  333 -13 517 530
 2661 2  16  333  15 597 525
 2662 2  16  333  -1 551 509
 2663 2  16  333  11 585 500
 2664 2  16  334  35 632 522
 2665 2  16  335  41 631 492
 2666 2  16  335  15 561 515
 2667 2  16  336  45 642 517
 2668 2  16  336  17 567 524
 2674 2  16  337   7 561 552
 2675 2  16  337  19 594 527
 2676 2  16  337  29 622 527
 2677 2  16  337  21 600 535
 2678 2  16  337   3 550 530
 2679 2  16  337  45 667 525
 2680 2  16  338  41 652 530
 2705 2  16  339 -33 529 525
 2706 2  16  339  -7 614 509
 2707 1  16  339  -3 627 545
 2708 2  16  340  -7 614 527
 2709 2  16  340  -7 614 535
 2710 2  16  341  -7 599 515
 2711 2  16  341  -7 599 537
 2712 2  16  341  -3 611 487
 2713 2  16  341 -19 561 507
 2714 2  16  342 -31 519 542
 2715 2  16  342 -13 576 535
 2716 2  16  343   1 583 542
 2717 1  16  344  31 669 520
 2718 2  16  345   3 582 532
 2719 2  16  346  13 601 487
 2720 2  16  346 -31 474 530
 2721 2  16  346  11 595 527
 2725 2  17  347  -7 534 512
 2726 2  17  347   9 580 525
 2727 2  17  348  17 599 492
 2728 2  17  348  29 633 515
 2729 2  17  349   9 567 542
 2730 1  17  349  15 583 559
 2731 1  17  349  39 650 547
 2732 1  17  349  11 572 572
 2752 2  17  350  -5 543 510
 2753 2  17  350 -29 474 522
 2754 2  17  351 -15 503 537
 2755 2  17  351  -9 520 550
 2756 2  17  351  15 587 562
 2762 2  17  352  -5 559 540
 2757 2  17  353  -3 565 529
 2758 1  17  353  -3 565 547
 2759 1  17  353  -3 565 537
 2760 1  17  353   9 600 530
 2761 1  17  353   7 594 532
 2769 2  17  354 -27 494 559
 2770 2  17  354 -33 476 562
 2775 2  17  355  -9 505 522
 2776 2  17  355   1 533 522
 2777 2  17  355 -29 451 520
 2778 2  17  355  23 592 560
 2784 2  17  356 -21 470 557
 2785 2  17  356  -7 508 540
 2786 2  17  356 -17 481 545
 2787 2  17  356   1 530 544
 2788 1  17  356  -9 503 545
 2779 2  17  357  11 557 555
 2780 2  17  357  13 562 549
 2781 2  17  357  25 595 539
 2782 2  17  357  19 578 557
 2783 1  17  357   3 535 570
 2789 2  17  358 -17 524 552
 2790 2  17  358 -23 506 549
 2791 2  17  358 -13 535 532
 2792 2  17  358   7 594 547
 2795 2  17  359  19 626 542
 2796 1  17  360  35 669 497
 2797 2  17  361   5 578 515
 2798 1  17  361  19 618 507
 2799 2  17  361 -31 474 515
 2800 2  17  361 -11 532 520
 2801 2  17  361 -19 509 524
 2806 2  17  362  -7 570 547
 2807 2  17  362 -13 552 537
 2814 2  17  363 -11 551 505
 2815 2  17  363 -19 527 489
 2816 2  17  364  25 655 557
 2817 2  17  364  11 613 532
 2818 2  17  364 -21 518 549
 2819 2  17  364  -5 565 549
 2820 1  17  364 -11 622 572
 2825 2  18  365  11 606 519
 2826 2  18  365   9 600 495
 2827 2  18  365  -9 547 545
 2828 2  18  365  -1 571 535
 2829 2  18  365   5 588 542
 2830 1  18  365 -35 471 557
 2831 1  18  365  -9 547 552
 2832 2  18  366   5 585 539
 2833 2  18  366  -3 561 540
 2834 2  18  366  -9 544 530
 2835 2  18  366 -15 526 527
 2836 1  18  366 -15 526 557
 2837 2  18  367  33 606 532
 2838 2  18  368  45 615 512
 2839 2  18  368  41 605 517
 2840 2  18  368  45 615 542
 2841 2  18  368  45 615 482
 2842 2  18  369  11 526 547
 2843 2  18  369  25 561 554
 2844 2  18  369  45 612 527
 2845 2  18  369  55 638 502
 2846 2  18  369  25 561 545
 2847 2  18  369  37 592 530
 2848 2  18  370   5 578 547
 2849 2  18  370  25 636 529
 2850 1  18  370  37 671 527
 2851 2  18  371  37 614 512
 2852 2  18  371  25 582 529
 2853 2  18  371  21 571 542
 2854 1  18  372 -19 611 540
 2856 2  18  373 -29 506 540
 2857 2  18  373 -35 488 542
 2858 2  18  373 -13 555 530
 2859 2  18  373 -19 537 532
 2860 2  18  374  -9 560 539
 2861 2  18  374 -11 554 542
 2862 2  18  374   9 614 527
 2863 2  18  374  -9 560 529
 2864 1  18  374  27 669 537
 2876 2  18  375  -3 589 562
 2877 2  18  376 -13 558 550
 2878 2  18  376 -17 546 539
 2879 2  18  376 -19 540 547
 2880 2  18  376 -31 503 547
 2881 2  18  377   1 566 527
 2882 2  18  377  21 624 514
 2883 2  18  377  13 601 520
 2890 2  19  378   9 551 530
 2891 2  19  378  15 568 550
 2892 2  19  378  17 573 532
 2893 2  19  379   9 537 532
 2894 2  19  380 -11 477 555
 2895 2  19  380  -5 492 555
 2896 2  19  380   7 523 559
 2897 2  19  381  45 556 530
 2898 2  19  381  45 556 542
 2899 2  19  382 -29 576 510
 2900 1  19  382  -9 646 535
 2912 2  19  383 -11 558 529
 2913 2  19  383 -17 539 517
 2914 2  19  383   3 600 517
 2915 2  19  383   1 594 509
 2916 2  19  384 -27 506 547
 2917 2  19  384 -21 524 544
 2918 2  19  384 -21 524 550
 2919 1  19  384 -33 488 552
 2920 2  19  385   5 556 535
 2921 2  19  385  13 578 524
 2922 2  19  385 -31 456 542
 2923 2  19  385  -1 539 537
 2928 2  19  386 -23 475 534
 2929 2  19  386  17 586 549
 2930 2  19  386  17 586 554
 2931 2  19  386   7 558 555
 2924 2  19  387 -17 492 535
 2925 2  19  387 -19 486 557
 2926 2  19  387 -15 497 539
 2927 2  19  387   1 541 540
 2945 2  19  388 -19 553 527
 2946 2  19  388  -3 604 522
 2947 2  19  388 -11 579 522
 2948 2  19  389  17 606 557
 2949 2  19  389  19 611 547
 2950 2  19  390   5 565 552
 2951 2  19  390  -3 542 555
 2952 2  19  390   5 565 539
 2953 2  19  391   7 567 550
 2954 2  19  391   3 556 550
 2955 2  19  392 -17 506 540
 2956 2  19  392 -11 523 554
 2957 2  19  393   3 556 530
 2958 2  19  393   3 556 522
 2959 2  19  394  21 597 497
 2960 2  19  394  21 597 519
 2961 2  19  394   7 558 494
 2962 2  19  394   5 552 512
 2963 2  19  394  21 597 504
 2964 2  19  394  11 569 520
 2965 2  19  394  41 652 502
 2966 2  19  394  -1 536 502
 2967 2  19  394   5 552 512
 2968 2  19  395 -19 476 532
 2978 2  19  396  25 582 525
 2979 2  19  396  -5 503 520
 2980 2  19  396  17 561 502
 2981 1  19  396  15 556 530
 2982 1  19  396   5 529 545
 2983 2  19  397  19 554 500
 2984 2  20  398  57 612 459
 2985 2  20  398  57 612 490
 2986 2  20  398  31 549 480
 2987 2  20  398  31 549 470
 2988 2  20  399  45 577 517
 2989 2  20  399  21 519 519
 2990 2  20  399  33 548 487
 2991 2  20  400  19 510 485
 2992 2  20  400   1 467 505
 2993 2  20  401 -21 521 539
 2994 2  20  402   9 593 510
 2995 2  20  402  -3 558 509
 2996 1  20  402  15 610 524
 2997 2  20  403  25 598 517
 2998 2  20  403  71 723 472
 2999 2  20  403  31 614 529
 3000 1  20  403  -3 522 537
 3001 1  20  403  27 603 540
 3002 1  20  403 -15 489 537
 3017 2  20  404   1 632 549
 3018 2  20  404  25 710 512
 3019 2  20  405  -5 609 519
 3020 2  20  405   3 635 517
 3021 2  20  406   5 599 527
 3022 2  20  406  -7 563 500
 3023 2  20  406   1 587 527
 3036 2  20  407 -25 567 530
 3037 2  20  408 -27 522 540
 3043 2  20  409  -3 571 525
 3044 1  20  409  15 625 544
 3045 1  20  409  13 619 530
 3046 2  20  410  13 605 525
 3047 2  20  410 -23 500 545
 3048 1  20  410  -5 552 540
 3142 2  21  411  -9 427 554
 3143 2  21  411 -11 422 552
 3144 2  21  411  -7 431 559
 3145 2  21  411  -3 440 549
 3146 2  21  412  23 498 535
 3147 2  21  412  35 525 522
 3148 2  21  412  25 502 557
 3149 2  21  413  -7 423 562
 3150 1  21  413  29 505 580
 3151 2  21  414  -7 420 550
 3152 1  21  414  15 469 565
 3167 2  22  415  19 522 539
 3168 2  22  415  35 561 527
 3169 2  22  415  31 551 552
 3170 2  22  416  27 541 542
 3171 2  22  416  13 507 542
 3172 2  22  416  23 532 552
 3178 2  22  417  19 491 517
 3179 2  22  417  21 495 542
 3180 2  22  417  11 472 545
 3181 1  22  417  37 532 562
 3182 1  22  417  29 514 519
 3288 2  23  418 -35 440 539
 3289 2  23  418 -25 467 540
 3290 2  23  419 -21 470 545
 3291 2  23  419 -13 492 529
 3292 2  23  419   5 541 534
 3293 2  23  419   3 535 515
 3298 2  23  420  -7 505 522
 3299 2  23  420   3 532 500
 3300 2  23  420  -7 505 535
 3294 2  23  421 -27 452 527
 3295 2  23  421 -25 457 534
 3296 2  23  422 -19 473 534
 3297 2  23  422 -21 468 534
 3301 2  23  423 -31 439 540
 3302 2  23  423  -5 508 540
 3303 2  23  423 -25 455 539
 3304 2  23  423 -27 449 550
 3305 2  23  424  -3 492 540
 3306 2  23  424 -21 446 535
 3307 2  23  424 -11 472 545
 3308 2  23  424  17 544 547
 3309 2  23  425   3 503 545
 3310 2  23  425  -5 482 509
 3318 2  23  426  27 526 529
 3319 2  23  426   1 464 540
 3320 2  23  426  27 526 530
 3321 2  23  427  45 566 522
 3322 2  23  428  13 488 500
 3323 2  23  428  -5 446 540
 3324 2  24  429  31 491 530
 3325 2  24  429  13 452 527
 3326 2  24  430  23 470 500
    4 2  25  431 -37 581 545
    5 2  25  432 -23 628 545
    6 1  25  433 -11 648 515
    7 1  25  433   3 697 517
    8 2  25  433 -19 620 542
    9 2  25  433 -37 556 522
   10 1  25  434   1 685 462
   11 1  25  434  -1 678 462
   12 2  25  434 -29 580 535
   13 2  25  434 -17 622 505
   30 2  25  435 -15 732 544
   52 2  25  436  -5 621 552
   53 2  25  437  -9 604 550
   54 2  25  437  -5 617 547
   55 2  25  437  15 682 547
   56 1  25  437 -23 558 567
   57 1  25  437   9 662 555
   58 1  25  437  11 669 549
   59 2  25  438 -15 584 552
   60 2  25  438 -17 578 552
   61 2  25  438   9 662 552
   62 1  25  438   1 636 557
   77 2  25  439 -15 545 542
   78 2  25  439   7 612 542
   79 1  25  439  27 673 522
   80 2  25  440  19 645 527
   81 2  25  441  -3 575 554
   82 2  25  441   1 587 544
   83 2  25  441  17 635 529
   84 2  25  442  21 647 525
   87 2  25  443  19 637 527
   88 2  25  443 -15 536 550
   89 2  25  443   5 595 535
   90 2  25  443  17 631 532
  138 2  25  444 -35 620 530
  139 2  25  444 -13 705 504
  140 2  25  444 -27 651 544
  144 2  25  445 -31 631 547
  145 2  25  446 -27 618 529
  147 2  25  447 -19 638 555
  148 2  25  448 -33 587 495
  149 2  25  448 -17 645 534
  150 2  25  448  -5 688 519
  151 2  25  448 -21 630 515
  186 2  25  449   5 641 522
  187 2  25  449  23 699 524
  188 2  25  449   5 641 525
  189 2  25  449 -23 551 532
  191 2  25  450  -3 611 534
  192 2  25  450  -1 618 519
  193 2  25  451 -13 580 539
  194 2  25  452 -17 563 549
  195 2  25  452  17 671 542
  196 2  25  453  19 673 525
  197 2  25  453   3 623 555
  201 2  25  454  21 667 532
  209 2  26  455  45 678 540
  210 2  26  455  31 638 512
  238 2  26  456   5 725 524
  243 2  26  457 -21 626 500
  249 2  26  458 -41 513 550
  250 2  26  458  25 733 502
  258 2  26  459  -5 594 529
  259 2  26  459  17 662 517
  260 1  26  460  25 683 512
  265 2  26  461 -23 531 539
  261 2  26  462  11 636 517
  262 2  26  462  -7 580 525
  263 2  26  462  -1 599 472
  264 1  26  462  43 735 515
  272 2  26  463   9 614 547
  286 2  26  464  33 648 525
  287 2  26  464   7 574 495
  288 2  26  464  31 642 505
  289 2  26  464  31 642 520
  311 2  26  465  -5 651 540
  312 2  26  465 -13 623 529
  305 2  26  466 -21 596 542
  306 2  26  466  -5 651 530
  307 2  26  466  -9 637 530
  308 2  26  467 -25 582 497
  309 2  26  467 -13 623 522
  310 2  26  467 -27 575 500
  314 2  26  468 -13 615 517
  342 2  26  469   9 637 520
  343 2  26  469  13 650 517
  344 2  26  469   1 612 544
  362 2  26  470   5 719 527
  363 2  26  470 -13 655 530
  382 2  26  471  -5 646 552
  396 2  26  472   7 631 537
  399 2  26  473 -33 628 485
  402 2  26  474  -3 582 529
  403 2  26  475 -29 634 515
  415 2  26  476  -9 624 500
  416 2  26  476 -11 617 517
  417 2  26  476  -9 624 505
  418 2  26  477   3 651 517
  423 2  27  478  27 649 489
  439 2  27  479 -21 630 522
  444 1  27  480 -13 636 529
  445 2  27  481 -29 572 540
  449 2  27  482 -43 521 532
  450 2  27  482 -23 589 532
  451 2  27  482   1 671 535
  452 1  27  482 -23 589 535
  453 2  27  483 -23 570 545
  455 2  27  484  -9 608 504
  456 2  27  485   1 636 527
  457 2  27  485  23 708 510
  458 1  27  485  11 669 544
  459 2  27  486  -3 619 535
  465 2  27  487  -9 689 512
  466 1  27  487 -15 667 522
  467 1  27  487 -31 607 520
  468 1  27  487 -11 681 500
  472 2  27  488  15 618 524
  473 2  27  489  27 649 514
  474 2  27  489  -1 567 559
  475 2  27  489  11 602 520
  476 1  27  489 -19 638 539
  477 2  27  490  -9 541 520
  478 2  27  490  -9 669 517
  479 1  27  490   7 727 505
  480 1  27  490 -19 633 502
  481 1  27  490 -13 655 495
  528 2  27  491 -19 587 545
  529 2  27  491 -11 613 535
  530 2  27  492  -7 627 530
  531 2  27  492 -13 607 519
  532 1  27  492   1 653 537
  533 1  27  492 -13 607 520
  534 1  27  492  -5 633 542
  539 2  27  493 -11 609 537
  556 2  27  494   9 586 547
  557 2  27  494 -11 529 562
  558 2  27  495  -3 686 525
  559 2  27  495 -19 629 512
  560 2  27  495  -3 686 532
  570 2  27  496   9 689 524
  574 1  27  497 -31 550 545
  577 2  27  498  13 650 520
  578 2  27  498  21 675 495
  586 1  27  499   3 767 515
  587 2  27  500  15 802 505
  605 2  27  501  -3 611 527
  606 2  27  501   7 643 517
  607 1  27  501   5 637 530
  608 2  27  502 -13 580 509
  609 2  27  502   1 624 492
  610 2  27  502   9 650 527
  611 2  27  502  -5 605 499
  612 2  27  503  -9 592 527
  603 2  27  504  13 662 510
  604 2  27  504   3 631 492
  613 2  28  505  17 731 525
  614 2  28  505  -5 655 525
  615 2  28  505  29 772 532
  616 1  28  505  25 759 542
  617 1  28  505  27 766 517
  627 2  28  506   5 680 544
  628 2  28  506  25 748 525
  625 2  28  507 -33 551 525
  626 2  28  507  -7 639 537
  631 2  28  508  -1 638 525
  632 2  28  508 -35 526 545
  643 1  28  509  29 696 525
  689 2  28  510   7 687 505
  690 2  28  510 -35 544 550
  691 2  28  510  15 714 525
  692 1  28  510  -9 633 535
  693 1  28  510  21 735 535
  696 2  28  511  25 743 499
  694 2  28  512 -27 568 537
  695 1  28  512 -17 601 542
  733 2  28  513  23 653 534
  734 2  28  513  25 659 502
  735 2  28  513  27 665 519
  736 1  28  513  13 623 532
  737 2  28  514  15 618 527
  741 2  28  515   1 573 560
  740 2  28  516  29 655 515
  763 2  28  517  -1 626 510
  778 2  28  518  15 648 477
  779 2  28  519 -15 556 532
  780 2  28  519 -27 519 540
  781 2  28  519   1 605 510
  782 2  28  520  45 710 499
  783 2  28  520  25 651 495
  802 2  28  521 -33 596 530
  804 2  28  522  -9 674 532
  805 2  28  522  -9 674 515
  806 2  28  522 -31 594 529
  807 2  28  522 -11 667 519
  808 2  28  522  17 576 542
  830 2  28  523  21 692 494
  831 2  28  524  23 686 512
  832 2  28  524  13 654 519
  833 2  28  524  13 654 502
  834 1  28  524  17 667 517
  835 1  28  524   5 629 525
  840 2  28  525 -13 569 485
  841 2  28  526   1 609 500
  842 2  28  526  -3 596 535
  844 2  28  527  29 691 524
  845 2  28  527 -15 556 500
  846 2  28  527  -7 580 530
  847 2  28  528   9 611 500
  848 2  28  528  19 641 522
  859 2  28  529   1 551 520
  860 2  28  529  15 590 530
  861 2  28  529  31 635 492
  862 2  28  529  17 596 512
  892 1  29  530   3 678 540
  904 2  29  531 -11 579 545
  905 1  29  531  39 736 532
  906 1  29  531 -27 528 552
  907 2  29  532   5 629 510
  908 2  29  532  35 723 512
  909 2  29  532  -5 597 542
  979 2  29  533   3 683 519
  980 2  29  534   5 690 514
  981 2  29  534 -11 634 510
  983 1  29  535  -3 658 510
  989 2  29  536 -11 617 507
 1002 2  29  537 -35 606 517
 1003 2  29  538 -31 617 529
 1015 2  29  539 -17 659 505
 1016 2  29  539   9 756 499
 1017 1  29  539  -7 696 535
 1046 2  29  540  15 561 522
 1047 2  29  540 -17 560 532
 1049 2  29  541  13 650 539
 1050 2  29  542   1 612 529
 1051 2  29  542   7 537 530
 1048 2  29  543  39 622 510
 1055 2  29  544  37 611 520
 1056 2  29  544  21 667 519
 1057 1  29  544 -29 512 540
 1068 2  29  545  43 676 477
 1075 2  29  546  21 610 530
 1076 2  29  546  -5 537 545
 1077 2  29  546   5 565 540
 1073 2  29  547  43 672 539
 1074 2  29  547  37 655 525
 1081 2  29  548 -19 583 490
 1094 2  29  549 -11 575 510
 1095 2  29  549  27 694 525
 1098 2  29  550   5 610 540
 1099 2  29  550  45 732 542
 1102 2  29  551  27 665 542
 1103 2  29  551   1 587 522
 1109 2  29  552  13 584 507
 1110 2  29  552 -23 632 535
 1111 2  29  552 -27 618 504
 1116 2  29  553  13 562 535
 1117 2  29  553  39 632 529
 1130 2  29  554  -7 653 540
 1131 2  29  554   3 688 510
 1132 2  29  555   3 688 552
 1133 2  29  555  -9 646 532
 1134 2  29  555  11 715 527
 1127 2  29  556   7 701 549
 1128 2  29  556  51 661 480
 1129 2  29  556  -7 653 490
 1143 2  30  557   3 615 554
 1144 2  30  557  25 683 515
 1145 2  30  558   5 617 527
 1146 2  30  559  31 698 517
 1147 2  30  559   7 623 507
 1148 2  30  560  31 693 497
 1149 2  30  560 -11 564 509
 1150 2  30  561   5 610 517
 1182 2  30  562 -21 649 509
 1183 2  30  563  -3 706 525
 1184 2  30  564 -31 603 534
 1185 2  30  564  -1 713 492
 1186 2  30  564  -7 691 507
 1191 2  30  565 -23 614 520
 1192 2  30  565 -19 629 512
 1216 2  30  566 -21 565 537
 1212 2  30  567  -1 630 547
 1213 2  30  567  39 760 515
 1214 1  30  567  35 747 514
 1215 1  30  567  45 779 537
 1217 2  30  568   9 650 517
 1218 2  30  569   5 637 524
 1243 2  30  570  27 613 482
 1244 2  30  570  39 646 477
 1241 2  30  571  17 586 530
 1242 2  30  571  27 613 539
 1265 1  30  572  63 791 542
 1268 2  30  573 -15 545 539
 1269 2  30  573  11 624 544
 1270 1  30  573  -1 588 565
 1271 1  30  573  37 703 559
 1272 2  30  574   7 612 537
 1273 2  30  574  -3 582 545
 1274 2  30  575   7 612 529
 1275 2  30  575 -13 552 547
 1276 2  30  575  13 630 504
 1292 2  30  576  -3 653 502
 1293 2  30  577  11 696 510
 1296 2  30  578 -19 652 540
 1297 2  30  578   5 662 519
 1325 2  30  579 -23 558 552
 1326 2  30  579 -17 578 554
 1327 2  30  580   1 632 540
 1328 1  30  580  19 690 514
 1338 2  30  581  -9 574 534
 1347 2  31  582   5 575 552
 1348 1  31  582  13 642 552
 1349 2  31  582  -3 552 559
 1350 2  31  582  23 673 515
 1351 2  31  582  13 642 525
 1352 2  31  582  37 716 525
 1353 2  31  583  13 638 512
 1358 2  31  584  13 630 500
 1359 2  31  584  21 655 502
 1388 2  31  585  11 589 510
 1398 2  31  586  35 642 535
 1399 2  31  586  41 659 509
 1406 2  31  587  45 659 510
 1404 2  31  588  21 593 515
 1405 2  31  588  33 626 502
 1408 2  31  589  65 710 512
 1409 2  31  590  41 638 522
 1410 2  31  590   5 541 507
 1411 2  31  590  45 649 527
 1412 2  31  591 -17 582 545
 1414 2  31  592  15 636 535
 1415 2  31  592  -5 576 530
 1416 2  31  593   5 602 539
 1417 2  31  593   1 590 534
 1418 2  31  594   5 599 522
 1475 2  31  595   5 617 550
 1476 2  31  595  25 679 535
 1483 2  31  596  13 630 545
 1484 2  31  596  -3 582 539
 1485 2  31  596  31 685 525
 1489 2  31  597  17 639 532
 1486 2  31  598  -5 572 552
 1487 2  31  598   5 602 555
 1488 1  31  598   9 614 552
 1490 2  31  599   5 592 557
 1497 2  31  600  25 671 487
 1498 2  31  600  25 671 489
 1505 2  31  601  23 661 510
 1506 2  31  601  25 667 497
 1507 1  31  601  23 661 532
 1503 2  31  602  -1 588 507
 1504 2  31  602   1 594 525
 1508 2  31  603   9 607 504
 1509 2  31  604 -17 530 537
 1510 2  31  604   1 583 530
 1511 2  31  604  13 619 517
 1512 2  31  604  23 649 512
 1520 2  31  605   5 654 545
 1521 2  31  606 -23 551 557
 1522 2  31  607 -11 582 527
 1523 2  31  607  31 715 534
 1524 2  31  607   3 627 524
 1525 1  31  607  19 677 540
 1528 2  31  608  25 625 515
 1529 2  31  608  37 659 512
 1530 2  31  609  31 635 535
 1531 2  31  609   9 573 560
 1532 2  31  610  29 622 530
 1533 2  31  610  11 572 545
 1534 2  31  610  43 661 545
 1535 2  31  610   7 561 552
 1582 2  32  611  -1 595 537
 1583 2  32  611  -5 583 535
 1584 2  32  611   9 626 502
 1585 1  32  611  15 644 535
 1602 2  32  612  61 707 507
 1598 2  32  613  31 624 515
 1599 2  32  613  19 591 509
 1600 2  32  614  15 580 530
 1601 2  32  614  39 646 525
 1619 2  32  615  19 618 504
 1620 2  32  615  15 607 484
 1623 2  32  616  15 600 517
 1624 2  32  616  -9 531 520
 1625 2  32  617  15 600 492
 1626 2  32  617  25 629 495
 1627 2  32  617  -5 543 514
 1628 2  32  617  15 600 509
 1654 2  32  618  19 563 547
 1666 2  32  619   7 643 522
 1667 2  32  620   1 616 505
 1668 2  32  620   5 629 522
 1669 1  32  620  25 692 535
 1671 2  32  621  -5 586 534
 1683 2  32  622  -5 549 542
 1684 2  32  622  43 688 499
 1685 2  32  623  45 686 495
 1687 2  32  624  13 591 539
 1688 2  32  624  31 642 519
 1686 2  32  625  -7 534 532
 1695 2  32  626  17 596 490
 1696 2  32  626  31 635 490
 1697 2  32  626  25 618 520
 1699 2  32  627 -13 555 545
 1700 2  32  627 -15 549 542
 1701 2  32  627 -27 512 554
 1703 2  32  628  13 627 507
 1704 2  32  628   9 614 497
 1702 2  32  629  19 645 507
 1705 2  32  630  -7 560 527
 1706 2  32  630 -15 536 542
 1707 2  32  630   5 592 530
 1741 2  32  631 -13 529 525
 1742 2  32  631  -3 558 539
 1743 1  32  631  15 610 537
 1746 2  32  632  39 661 519
 1754 2  32  633  -5 586 530
 1755 2  32  633  -9 574 549
 1756 2  32  634   5 613 505
 1757 2  32  634  17 650 534
 1758 2  32  634  19 656 530
 1759 2  32  635  45 606 502
 1809 2  33  636 -21 592 527
 1810 2  33  636 -19 599 552
 1812 2  33  637   7 669 507
 1813 2  33  637 -25 563 524
 1814 2  33  637   1 649 530
 1815 2  33  637  -7 623 529
 1816 1  33  637  -9 616 529
 1811 2  33  638  -5 629 554
 1821 2  33  639   5 472 500
 1822 2  33  640  -7 560 525
 1823 2  33  640  -3 571 535
 1824 2  33  640   5 595 529
 1825 2  33  641  21 635 532
 1826 2  33  642  11 595 530
 1833 2  33  643  -3 565 534
 1834 2  33  643   5 588 550
 1835 2  33  643 -23 506 550
 1836 2  33  644  33 659 525
 1837 2  33  644  15 607 519
 1860 2  33  645 -27 506 524
 1861 2  33  645  21 651 534
 1862 2  33  645  -3 578 524
 1863 2  33  645  -3 578 522
 1868 2  33  646 -11 548 505
 1869 2  33  646  -3 571 517
 1870 2  33  646  25 655 507
 1864 2  33  647  -7 560 552
 1865 2  33  647  -5 679 519
 1866 2  33  647 -29 593 520
 1867 1  33  647  -5 674 555
 1871 2  33  648 -21 600 525
 1872 2  33  648 -35 552 532
 1873 2  33  649 -31 566 539
 1874 2  33  649  -5 552 499
 1886 2  33  650 -15 573 507
 1887 2  33  651 -13 572 505
 1888 2  33  651  -9 585 550
 1889 1  33  652  45 678 517
 1902 2  33  653  39 591 480
 1903 2  33  653 -35 597 537
 1912 2  33  654  13 675 492
 1913 2  33  655 -23 548 520
 1915 2  33  656  11 620 517
 1916 2  33  656 -15 542 535
 1917 2  33  656   9 614 512
 1923 2  34  657   1 583 537
 1924 2  34  657 -35 606 527
 1925 2  34  657  19 637 545
 1936 2  34  658   9 576 535
 1963 2  34  659  -9 550 547
 1964 2  34  659  45 710 510
 1965 2  34  659  21 639 550
 1966 1  34  659  45 710 532
 2017 2  34  660  19 622 544
 2018 2  34  661  21 621 517
 2028 2  34  662  13 565 540
 2049 2  34  663  13 638 520
 2050 2  34  663  -1 595 530
 2054 2  34  664  13 630 550
 2068 1  35  665  45 652 547
 2066 1  35  666 -13 495 550
 2067 1  35  666   7 549 530
 2083 2  35  667  11 656 534
 2084 2  35  667  -3 611 539
 2107 2  35  668  -3 527 535
 2108 2  35  668  21 593 504
 2109 2  35  668   9 560 524
 2125 2  35  669  -7 580 549
 2126 2  35  669  -5 586 534
 2127 2  35  669   5 617 525
 2128 2  35  670  19 535 545
 2129 2  35  670   1 601 542
 2130 2  35  670   7 620 545
 2132 2  35  671  13 627 530
 2148 2  35  672  45 652 540
 2154 2  35  673   3 524 515
 2155 2  35  673  45 635 542
 2201 2  36  674 -13 583 492
 2202 2  36  674 -23 551 517
 2203 2  36  675  -5 605 542
 2204 2  36  675 -27 535 535
 2225 2  36  676   7 571 510
 2226 2  36  676  21 610 530
 2246 2  36  677  -1 614 502
 2247 2  36  677  11 652 485
 2268 2  36  678  21 610 510
 2269 2  36  678  17 599 489
 2270 2  36  678  37 655 522
 2271 2  36  678  23 616 490
 2314 2  37  679  -9 589 532
 2315 2  37  679  -5 601 537
 2322 2  37  680  11 632 492
 2323 2  37  680  -1 595 522
 2336 2  37  681  45 682 524
 2420 2  37  682  -7 610 527
 2421 2  37  682 -19 571 515
 2422 2  37  682 -11 597 529
 2426 2  37  683  43 735 540
 2427 2  37  683   9 630 545
 2428 2  38  684   7 732 515
 2429 2  38  684  31 673 502
 2430 2  38  684  17 631 495
 2431 2  38  684   7 601 517
 2436 2  38  685  45 645 525
 2437 2  38  685  45 645 540
 2438 2  38  686  -3 671 512
 2439 2  38  687 -21 596 539
 2440 2  38  687   3 521 542
 2441 2  38  687  -7 644 527
 2460 2  38  688  -1 588 499
 2461 2  38  688  -1 588 520
 2462 2  38  689  23 653 527
 2463 2  38  689   9 611 535
 2464 1  38  689  13 623 545
 2465 1  38  689  25 659 544
   16 2  39  690 -35 523 560
   19 2  39  691 -15 584 552
   20 2  39  692 -11 597 552
   21 2  39  692 -21 565 557
   17 2  39  693 -17 578 549
   18 2  39  693 -35 519 560
   22 2  39  694 -21 561 552
   23 2  39  694 -25 548 555
   24 2  39  695 -23 544 555
   25 2  39  695 -25 538 557
   31 2  39  696 -19 561 555
   32 2  39  696 -23 548 555
   33 2  39  696 -25 541 565
   34 2  39  697 -31 519 562
   43 2  39  698 -27 519 555
   44 2  39  698 -25 525 560
  103 2  39  699 -19 524 544
  104 2  39  699  35 685 535
  105 2  39  699  11 613 542
  115 2  39  700   3 579 517
  116 2  39  700  -5 556 545
  117 2  39  700   7 591 555
  118 2  39  700  31 661 505
  119 2  39  700   9 596 517
  180 2  39  701  -3 608 530
  181 2  39  701 -25 538 554
  182 2  39  701   5 633 545
  183 2  39  701 -25 538 557
  177 2  39  702 -15 497 552
  178 2  39  702   5 633 545
  179 2  39  702 -11 508 542
  190 2  39  703  19 665 497
  273 2  40  704  15 652 519
  274 2  40  704  13 646 529
  280 2  40  705 -21 534 527
  281 2  40  705 -11 564 537
  282 2  40  706  15 644 487
  283 2  40  706  17 650 507
  284 2  40  706 -15 552 530
  285 2  40  706 -11 564 540
  329 2  40  707 -25 590 495
  330 2  40  707 -35 556 479
  352 2  40  708 -11 622 507
  353 2  40  708 -27 568 505
  354 2  40  708 -19 595 532
  355 2  40  708 -13 615 522
  356 1  40  708  29 757 514
  350 2  40  709 -23 581 522
  351 2  40  709  -9 628 525
  424 2  41  710 -31 590 527
  429 2  41  711   9 723 514
  430 2  41  711   7 716 529
  431 2  41  711   5 709 515
  432 2  41  711  -5 674 485
  433 2  41  712  -5 669 542
  484 2  41  713  25 651 542
  485 2  41  713   1 580 514
  486 2  41  713   9 604 475
  487 2  41  713 -15 533 504
  488 2  41  714  17 616 527
  489 2  41  714  17 616 535
  498 2  41  715   3 623 492
  499 2  41  715 -35 503 530
  500 2  41  715 -15 566 539
  506 2  41  716 -21 544 495
  507 2  41  716  -3 600 504
  508 2  41  716   1 612 480
  509 2  41  716 -11 575 445
  510 2  41  716  -1 606 492
  505 2  41  717  15 656 505
  620 2  42  718 -17 674 517
  621 2  42  718 -27 636 542
  622 2  42  718  -3 727 534
  623 2  42  719 -21 659 502
  624 2  42  719 -25 644 509
  618 2  42  720 -35 606 510
  619 2  42  720 -27 636 502
  639 2  42  721  -5 651 512
  640 2  42  721  17 726 517
  641 2  42  721   5 685 502
  642 2  42  721  -5 669 537
  637 2  42  722  -9 637 497
  638 2  42  722 -19 603 510
  656 2  42  723  21 667 492
  657 2  42  723   1 605 502
  658 2  42  723   5 617 522
  659 2  42  724  -3 593 499
  660 2  42  724   1 605 477
  661 2  42  725  19 656 529
  662 2  42  726  45 736 540
  663 2  42  726  55 767 495
  664 2  42  727   3 607 552
  710 2  42  728  27 673 530
  711 2  42  728  29 679 552
  712 2  42  728  45 727 532
  713 2  42  729   7 608 522
  714 2  42  729  -3 578 515
  715 2  42  730   3 586 480
  716 2  42  730 -29 491 547
  751 2  42  731  13 565 527
  752 2  42  731  19 582 529
  753 2  42  731  15 571 545
  754 2  42  731   5 543 552
  755 2  42  731 -21 473 535
  756 2  42  731  15 571 525
  785 2  42  732   3 656 510
  786 2  42  732  -9 616 527
  787 2  42  732 -15 596 514
  814 2  42  733 -21 515 527
  815 2  42  733  11 609 515
  816 2  42  733  21 639 535
  817 2  42  734   3 579 547
  818 2  42  734  -1 567 527
  819 2  42  734   5 585 534
  853 2  42  735 -21 613 542
  854 2  42  735 -35 563 532
  855 2  42  735 -35 563 535
  867 2  42  736 -27 500 520
  868 2  42  736 -25 506 540
  869 2  42  736 -25 506 552
  870 2  42  736   1 583 530
  871 2  42  737 -23 512 547
  872 2  42  737  -9 554 535
  873 2  42  737  -7 560 517
  874 2  43  738  -5 562 535
  970 1  43  739  31 764 515
  971 1  43  739 -11 622 550
  972 1  43  739  21 730 524
  973 2  43  740 -33 544 530
  974 2  43  740  -1 651 515
  975 2  43  740 -21 584 535
  976 2  43  740 -17 597 512
  997 2  43  741 -11 564 517
  998 2  43  741  -7 577 522
  999 1  43  741  39 718 517
 1000 1  43  741  21 663 547
 1001 1  43  741  45 736 489
  995 2  43  742  29 687 485
  996 2  43  742  45 736 502
 1023 2  43  743 -27 480 537
 1024 2  43  743 -19 503 545
 1025 2  43  743   1 560 530
 1026 2  43  743 -19 503 547
 1027 2  43  743  -7 537 555
 1028 2  43  744  35 646 525
 1029 2  43  744  29 629 539
 1030 2  43  744  -1 545 545
 1031 2  43  744  13 584 537
 1299 2  44  745  -5 590 510
 1300 2  44  745   3 615 510
 1301 2  44  745   9 634 497
 1302 2  44  745   5 621 505
 1303 2  44  745  -1 602 492
 1304 2  44  746  27 685 500
 1305 2  44  746  27 685 485
 1306 2  44  746  -3 593 507
 1307 2  44  746 -23 531 525
 1308 2  44  747   5 610 537
 1309 2  44  747  21 659 500
 1310 2  44  747  19 652 519
 1311 2  44  747  45 732 505
 1312 2  44  748  15 640 482
 1320 2  44  749   1 563 520
 1321 2  44  749   5 575 525
 1322 2  44  749  25 632 497
 1323 2  44  749 -15 517 490
 1332 2  44  750  35 642 545
 1333 2  44  750  41 659 520
 1342 2  44  751  -5 625 525
 1343 2  44  751 -17 586 534
 1354 2  45  752  39 731 457
 1355 2  45  752 -17 556 509
 1356 2  45  752  -9 581 527
 1364 2  45  753  21 647 510
 1367 2  45  754  -7 560 532
 1371 2  45  755  39 692 500
 1372 2  45  755  35 680 505
 1373 2  45  755  19 633 514
 1447 2  45  756  13 619 532
 1448 2  45  756   3 589 522
 1449 2  45  756  45 714 490
 1450 2  45  756  23 649 550
 1444 2  45  757  11 613 542
 1445 2  45  757 -13 542 522
 1446 2  45  757  15 625 512
 1537 2  45  758 -27 549 502
 1538 2  45  758  17 693 484
 1539 2  45  758  -9 608 510
 1540 2  45  758   7 660 502
 1541 2  45  759  -3 627 505
 1629 2  46  760 -21 626 520
 1630 2  46  760 -31 590 527
 1631 2  46  760 -23 619 507
 1634 2  46  761 -25 607 529
 1635 2  46  761 -29 593 535
 1636 2  46  761  -7 671 532
 1656 1  46  762 -21 630 527
 1657 2  46  763 -11 554 527
 1658 2  46  763  23 657 502
 1659 2  46  763  25 663 517
 1660 2  46  764 -15 539 547
 1661 2  46  764 -11 551 532
 1662 2  46  764  19 641 532
 1663 1  46  764 -19 629 557
 1672 2  46  765  25 591 537
 1673 2  46  765  41 634 525
 1674 2  46  765  37 624 515
 1675 2  46  766  41 628 459
 1676 2  46  766  13 553 562
 1677 1  46  766  25 683 510
 1678 1  46  766  31 702 510
 1744 2  46  767  -3 691 525
 1760 2  46  768  25 675 510
 1761 2  46  769  -9 564 524
 1762 2  46  769  31 685 504
 1763 2  46  769  37 703 500
 1764 2  46  769  -3 585 505
 1770 2  47  770  45 714 527
 1771 2  47  770  21 643 497
 1772 2  47  770  37 690 504
 1773 2  47  770  13 619 535
 1827 2  47  771   1 612 500
 1828 2  47  771   5 625 532
 1829 2  47  771  -1 606 530
 1830 2  47  772   9 630 510
 1831 2  47  772   9 630 495
 1832 2  47  772  23 673 487
 1838 2  47  773  31 646 524
 1914 2  47  774   5 599 525
 1937 2  48  775  27 590 462
 1938 2  48  775  35 612 490
 1939 2  48  776   7 534 552
 1940 2  48  776  45 635 520
 1941 2  48  777  41 621 510
 1942 2  48  777  45 632 520
 1943 2  48  777  45 632 509
 1946 2  48  778 -33 526 500
 1947 2  48  778  -7 610 487
 1948 2  48  778 -35 519 504
 1949 2  48  779  15 682 540
 1950 2  48  779  -1 630 532
 1945 2  48  780 -11 597 485
 2069 2  49  781  45 652 499
 2070 2  49  781   7 549 515
 2071 2  49  781  -5 516 517
 2072 2  49  781  41 641 540
 2085 2  49  782 -29 503 512
 2088 2  49  783  11 617 505
 2089 2  49  783   9 611 485
 2090 2  49  783  33 683 460
 2091 2  49  783  15 629 487
 2092 2  49  783  29 671 482
 2181 2  49  784  13 642 539
 2182 2  49  784   1 605 530
 2178 2  49  785  37 716 520
 2183 2  49  785   7 623 515
 2184 2  49  785 -13 562 492
 2179 2  49  786  11 636 527
 2180 2  49  786  13 642 505
 2185 2  49  787   9 622 520
 2186 2  49  787  11 628 517
 2187 2  49  787 -19 537 540
 2211 2  50  788  11 632 494
 2212 2  50  788  13 638 482
 2213 2  50  788  15 644 492
 2214 2  50  788  39 718 420
 2215 2  50  788  29 687 510
 2216 2  50  789  -5 583 502
 2217 2  50  789 -15 552 527
 2219 2  50  790  -1 584 485
 2220 2  50  790  -5 572 502
 2227 2  50  791 -27 528 525
 2228 2  50  791 -11 579 520
 2229 2  50  791  -9 585 514
 2230 2  50  791 -15 566 500
 2231 2  50  791 -15 566 534
 2232 2  50  791 -11 579 515
 2233 2  50  791  -3 604 522
 2274 2  50  792  -1 557 532
 2275 2  50  792  31 649 514
 2276 2  50  792  31 649 537
 2277 2  50  792  37 667 499
 2279 2  50  793  31 685 492
 2280 2  50  793  19 648 515
 2281 2  50  793   9 618 490
 2282 2  50  793  43 721 507
 2290 2  50  794  63 672 482
 2291 2  50  794   5 521 495
 2292 2  50  794  37 604 470
 2293 2  50  794  33 594 480
 2294 2  50  794  37 604 465
 2316 2  51  795 -21 489 505
 2317 2  51  795 -19 494 532
 2318 2  51  795  -7 528 510
 2319 2  51  796   5 559 492
 2320 2  51  796  29 626 480
 2321 2  51  796   5 559 499
 2369 2  51  797   5 571 517
 2370 2  51  797  25 629 480
 2371 2  51  797  21 617 537
 2372 2  51  797   5 571 525
 2373 2  51  798  -1 554 507
 2374 2  51  798 -13 520 534
 2375 2  51  798  15 600 504
 2376 2  51  798  41 674 424
 2377 2  51  798  17 606 487
 2378 2  51  799  17 602 475
 2379 2  51  799  17 602 527
 2380 2  51  800   7 571 502
 2381 2  51  800 -15 508 542
 2382 2  51  800  27 627 502
 2383 2  51  800   5 565 560
 2432 2  52  801  -7 560 492
 2433 2  52  801  23 649 512
 2434 2  52  801   5 595 462
 2435 2  52  801  23 649 484
 2467 2  52  802  -5 586 517
 2468 2  52  802  -5 586 527
 2469 2  52  802 -15 556 500
 2470 2  52  802  -1 599 529
 2473 2  52  803  -3 555 549
 2474 2  52  803 -11 532 537
 2488 2  52  804   3 619 487
 2489 2  52  804   5 625 487
 2490 1  52  804   3 619 492
 2491 2  52  805  13 598 497
 2505 2  52  806  27 600 547
 2506 2  52  806  25 595 485
 2507 2  52  807   5 535 534
 2508 2  52  807  33 610 527
 2512 2  52  808 -13 484 507
 2513 2  52  808  45 638 515
 2509 2  52  809   5 532 540
 2510 2  52  809  45 638 540
 2511 2  52  809  25 585 545
 2579 2  53  810 -15 497 502
 2580 2  53  810   5 552 492
 2581 2  53  810   5 552 510
 2582 2  53  811  19 591 497
 2583 2  53  811  23 602 510
 2584 2  53  811  35 635 495
 2585 2  53  811  45 663 482
 2576 2  53  812  -5 525 525
 2577 2  53  813   1 541 470
 2578 2  53  813  17 586 497
 2586 2  53  814  11 563 509
 2587 2  53  814  29 612 504
 2588 2  53  814   5 546 507
 2589 2  53  814  17 579 482
 2632 2  53  815  37 634 484
 2633 2  53  815  25 601 504
 2634 2  53  816  19 582 530
 2635 2  53  817  15 550 527
 2636 2  53  817  37 607 529
 2645 2  54  818  -5 565 512
 2646 1  54  818  15 625 524
 2650 2  54  819  -5 537 547
 2651 2  54  819  21 610 542
 2652 2  54  819 -15 508 544
 2653 1  54  819  21 610 540
 2654 1  54  819  21 610 545
 2669 2  54  820  -7 537 525
 2670 2  54  820  15 600 520
 2671 2  54  820  17 606 525
 2672 2  54  820 -11 526 509
 2673 2  54  820  35 657 524
 2684 2  54  821  41 645 507
 2685 2  54  821  11 563 554
 2686 2  54  821  35 628 555
 2687 2  54  822 -13 495 530
 2688 2  54  822 -13 495 517
 2689 2  54  822 -13 495 547
 2697 2  54  823  29 586 534
 2698 2  54  823  39 613 545
 2699 2  54  823  45 628 525
 2700 2  54  823 -11 482 540
 2701 2  54  823  -1 508 542
 2702 1  54  823  23 571 570
 2722 2  55  824   5 543 535
 2723 2  55  824  27 603 540
 2724 2  55  824   9 554 515
 2733 2  55  825 -21 444 525
 2734 2  55  825  -1 495 559
 2735 2  55  826   1 500 510
 2736 2  55  826   3 505 510
 2737 2  55  826  -5 485 519
 2738 2  55  827 -17 492 542
 2739 2  55  827 -33 448 497
 2740 2  55  828  -5 525 524
 2741 2  55  828   9 564 517
 2742 2  55  828 -29 459 527
 2743 2  55  828 -23 475 499
 2744 2  55  828 -15 497 502
 2745 2  55  828 -27 464 527
 2746 2  55  828  -3 530 539
 2747 2  55  828  -1 536 517
 2748 2  55  828  -3 530 522
 2749 2  55  828 -33 448 515
 2750 2  55  829   5 549 534
 2751 2  55  829  -1 533 525
 2793 2  55  830  -9 592 540
 2794 2  55  830 -33 516 539
 2802 2  55  831  -1 557 512
 2803 2  55  832 -19 500 547
 2804 2  55  833   7 543 539
 2805 2  55  833 -15 484 545
 2808 2  55  834   9 545 549
 2809 2  55  834  -3 513 555
 2810 1  55  834   3 529 550
 2811 1  55  834   7 540 510
 2812 2  55  835  -1 519 487
 2813 2  55  835  13 556 515
 2821 2  56  836 -17 447 517
 2822 2  56  836  11 518 532
 2823 2  56  836  -7 472 535
 2824 2  56  836 -11 462 540
 2855 2  56  837   7 540 472
 2865 2  56  838  31 562 497
 2866 2  56  838  33 567 487
 2867 2  56  838  17 527 524
 2884 2  56  839  15 561 515
 2885 2  56  839 -21 465 522
 2886 1  56  839 -23 460 534
 2887 2  56  840 -11 489 555
 2888 2  56  840   5 532 537
 2889 1  56  840 -19 468 569
 2901 2  57  841   5 535 502
 2902 2  57  842  13 553 527
 2903 2  57  842   1 521 542
 2904 2  57  842   7 537 527
 2905 2  57  843  -7 500 552
 2906 2  57  843  21 574 532
 2907 2  57  843 -21 463 562
 2908 2  57  844  45 635 540
 2909 2  57  844  45 635 515
 2910 2  57  845  21 568 497
 2911 2  57  845   1 516 497
 2932 2  57  846 -15 581 522
 2933 2  57  846 -25 548 512
 2934 2  57  846  -9 600 540
 2935 1  57  846  11 665 537
 2936 1  57  846   5 645 500
 2937 2  57  847   5 641 512
 2938 2  57  847  -7 603 532
 2939 1  57  847 -29 532 544
 2940 1  57  847 -27 538 555
 2941 1  57  847  -3 615 519
 2942 2  57  848 -27 532 519
 2943 2  57  848 -25 538 530
 2944 2  57  848 -31 519 514
 2969 2  57  849  15 629 497
 2970 2  57  849   9 611 499
 2971 2  57  849  19 641 490
 2972 2  57  849  15 629 505
 2973 1  57  849  19 641 539
 2974 1  57  849  21 647 525
 2975 2  57  850   9 611 475
 2976 2  57  850  -7 563 522
 2977 1  57  850  45 719 500
 3003 2  58  851 -27 538 534
 3004 2  58  851 -23 551 509
 3005 2  58  851 -27 538 539
 3006 2  58  851 -13 583 522
 3007 2  58  851 -23 551 527
 3008 2  58  851 -29 532 542
 3009 2  58  852 -15 573 487
 3010 2  58  852   3 631 472
 3011 2  58  853  -3 578 529
 3012 2  58  853  -7 566 535
 3013 2  58  854  13 627 540
 3014 2  58  854 -19 530 494
 3016 2  58  855  -1 581 532
 3015 2  58  856  19 641 507
 3024 2  58  857 -15 533 530
 3025 2  58  857 -29 491 517
 3026 2  58  857  -7 556 507
 3027 2  58  857 -11 544 534
 3028 2  58  858 -11 541 505
 3029 2  58  858 -15 529 495
 3030 2  58  858   1 576 480
 3031 2  58  858 -35 471 512
 3032 2  58  859 -17 494 535
 3033 2  58  859 -29 461 509
 3034 2  58  859  19 594 484
 3035 2  58  859  15 583 512
 3038 2  58  860  -7 516 525
 3039 2  58  860  17 582 542
 3040 2  58  860  25 604 525
 3041 2  58  860  21 593 497
 3042 2  58  860   5 549 489
 3052 2  58  861 -19 553 507
 3053 2  58  862   9 642 487
 3054 2  58  862  -1 610 465
 3055 2  58  862 -31 516 527
 3049 2  58  863   5 629 520
 3050 2  58  863 -15 566 499
 3051 2  58  863   5 629 522
 3056 2  59  864  -5 556 494
 3057 2  59  864  27 649 447
 3058 2  59  865 -21 506 539
 3059 2  59  865 -33 471 532
 3060 2  59  865  -7 547 510
 3061 2  59  866   9 586 509
 3062 2  59  866 -23 494 477
 3063 2  59  866  -5 546 494
 3064 2  59  867  27 547 552
 3065 2  59  867  39 576 522
 3066 2  59  867  -1 478 534
 3067 2  59  868  33 559 470
 3068 2  59  869  45 585 507
 3069 2  59  869  39 571 529
 3078 2  59  870  45 550 497
 3079 2  59  870 -21 654 472
 3080 2  59  870 -23 647 472
 3081 2  59  871   5 599 545
 3082 2  59  872   9 600 450
 3083 2  59  872 -15 638 512
 3084 2  59  873 -33 566 505
 3085 2  59  873   5 581 492
 3086 2  59  874   1 570 465
 3087 2  59  875   9 590 507
 3088 2  59  875  -9 538 512
 3089 2  59  876 -31 558 510
 3095 2  59  877 -27 542 507
 3096 2  59  877   9 658 495
 3097 2  59  877 -19 568 512
 3188 2  60  878  -3 527 495
 3189 2  60  879  15 571 515
 3190 2  60  880  33 620 470
 3191 2  60  880  25 598 510
 3197 2  60  881  -1 511 500
 3198 2  60  881   5 526 525
 3220 2  60  882  27 600 530
 3221 2  60  882  45 649 544
 3222 2  60  882  31 611 544
 3223 2  60  882  45 649 552
 3224 2  60  883  35 612 520
 3225 2  60  883  45 638 520
 3226 2  60  883  25 585 512
 3227 2  60  883  35 612 520
 3228 1  60  884  -5 601 507
 3229 1  60  884 -11 582 520
 3230 2  61  885   5 538 482
 3231 2  61  885  -7 606 507
 3232 2  61  885   5 645 487
 3233 2  61  886 -11 487 510
 3234 2  61  886 -13 481 507
 3235 2  61  886 -35 506 522
 3236 2  61  887 -15 474 495
 3237 2  61  887  -7 495 487
 3238 2  61  887   5 526 512
 3239 2  61  888 -35 497 525
 3240 2  61  888 -27 522 517
 3241 2  61  889 -29 503 529
 3242 2  61  889 -31 497 525
 3243 2  61  889 -19 533 509
 3244 1  61  889  -9 564 545
 3248 2  61  890 -23 509 515
 3245 2  61  891  -7 556 499
 3246 2  61  891 -25 503 515
 3247 2  61  891 -35 473 510
 3270 2  61  892 -29 469 512
 3271 2  61  892  -1 548 525
 3268 2  61  893  25 621 477
 3269 2  61  893  -1 548 497
 3272 2  61  894  45 674 499
 3273 2  61  894   5 562 550
 3274 2  61  894  15 590 480
 3275 2  61  894  27 624 505
 3276 2  61  895  13 581 512
 3277 2  61  895  19 598 495
 3278 2  61  896  13 578 505
 3279 2  61  896   1 544 507
 3280 2  61  896  -1 539 522
 3281 2  61  897  11 566 524
 3282 2  61  898  13 528 527
 3283 2  61  898  35 584 530
 3284 2  61  899  45 606 509
 3285 2  61  899  31 571 492
 3286 2  61  900  13 520 494
 3287 2  61  900  23 545 479
 3311 2  61  901  65 691 480
 3312 2  61  901  41 628 467
 3313 2  61  901  41 628 472
 3314 2  61  902  11 545 502
 3315 2  61  902 -19 466 517
 3316 2  61  903   9 537 495
 3317 2  61  903  29 589 507
 3327 2  62  904   5 562 510
 3328 2  62  905  -3 519 510
 3329 2  62  905  25 595 505
 3330 2  62  905  23 589 469
 3331 2  62  906   9 548 509
 3332 2  62  907 -25 574 472
 3333 2  62  908 -27 564 487
 3334 2  62  909 -23 573 529
 3335 2  62  910 -21 580 502
 3336 2  62  911   9 560 505
 3337 1  62  911  -9 511 514
 3338 2  62  912   9 554 499
 3339 2  62  913  17 573 505
 3340 2  62  913   9 551 509
 3341 2  63  914  13 507 490
 3345 2  63  915  45 580 517
 3346 2  63  915  25 531 512
 3342 2  63  916   1 473 520
 3343 2  63  916  -3 464 517
 3344 2  63  916  27 536 479
 3347 2  63  917 -21 416 557
 3348 2  63  917 -15 431 532
 3349 2  63  918 -13 484 492
 3350 1  63  919   1 519 539
 3351 2  63  920  15 515 482
 3352 2  63  920  27 544 502
 3353 2  63  921  25 537 509
 3354 2  63  922  -1 473 497
 3355 1  63  922 -11 511 525
 3356 2  63  923  -1 471 507
 3357 2  63  923  35 558 504
 3358 2  63  924 -19 423 540
 3359 2  63  925   7 483 507
 3360 2  63  925  25 526 524
 3361 2  63  926  37 525 517
 3362 2  63  926  45 543 475
 3363 2  63  927  -5 424 520
 3364 2  63  927  -3 429 532
 3365 2  63  928  39 522 515
 3366 2  63  929   3 524 517
 3367 2  63  929 -13 481 529
 3368 2  63  929 -11 487 497
 3369 2  63  930 -23 434 494
 3370 2  63  931  -3 482 507
 3371 2  63  931  27 558 529
 3372 1  63  931  -3 582 497
 3373 2  64  932  31 511 507
 3374 2  64  933  29 507 510
 3375 2  64  934  17 475 525
 3376 2  64  934  31 507 505
 3377 2  64  935  45 531 474
 3378 2  64  935  39 518 460
   48 2  65  936  -9 564 555
   51 2  65  937 -25 506 564
   64 2  65  938 -13 526 552
   65 2  65  938 -15 520 554
   63 2  65  939 -11 626 532
   68 2  65  940  -5 537 537
   69 2  65  940 -13 514 554
   74 2  65  941 -15 503 559
   75 2  65  942  -7 519 552
   76 2  65  942 -21 481 555
   85 2  65  943   9 548 540
   86 2  65  943   5 538 550
   98 2  65  944  -7 556 545
   99 2  65  945 -21 509 550
  100 2  65  945 -29 485 552
  101 2  65  946  15 610 500
  102 2  65  946  19 622 514
  120 2  65  947  11 579 490
  121 2  65  947  29 629 514
  161 2  65  948 -21 524 552
  162 2  65  948 -11 554 545
  163 2  65  949  -1 581 519
  164 2  65  949  -1 581 522
  165 2  65  949 -15 539 517
  166 2  65  949 -35 479 530
  167 2  65  950 -11 648 545
  170 2  65  951  19 611 484
  171 2  65  952  17 596 559
  172 2  65  952 -27 560 554
  173 2  65  952  15 590 552
  174 2  65  952  21 607 545
  175 2  65  952 -13 511 565
  176 2  65  952  13 584 545
  184 2  65  953 -25 556 560
  230 2  66  954  33 616 515
  231 2  66  954  45 649 517
  234 2  66  955   1 492 537
  235 2  66  955  27 558 535
  251 2  66  956  55 584 505
  252 2  66  956 -13 425 550
  290 2  66  957  29 612 532
  291 2  66  957  33 623 512
  292 2  66  957  29 612 527
  296 2  66  958  15 561 540
  297 2  66  958  25 588 544
  298 2  66  958  11 551 535
  299 2  66  959  45 622 542
  300 2  66  959   7 523 532
  302 2  66  960  17 620 542
  303 2  66  960   1 573 545
  304 2  66  960   7 591 542
  301 2  66  961  17 620 517
  313 2  66  962  27 552 512
  315 2  66  963  33 559 537
  316 2  66  964  29 629 539
  317 2  66  965  13 581 512
  331 2  66  966  29 599 467
  348 2  66  967   1 605 522
  349 2  66  967  21 568 519
  357 2  66  968 -31 577 540
  358 2  66  968  23 551 532
  359 2  66  969   1 566 470
  360 2  66  969  -5 655 479
  361 2  66  969  -1 561 465
  369 2  66  970  -5 546 540
  364 2  66  971  31 559 535
  365 2  66  971  -9 534 539
  366 2  66  971  31 559 550
  367 2  66  971  -5 546 535
  368 2  66  971  25 545 515
  370 2  66  972  19 601 534
  371 2  66  972  29 629 555
  377 2  66  973  27 613 540
  378 2  66  973  29 619 542
  379 2  66  973  -1 536 550
  380 2  66  974  25 608 537
  381 2  66  974  67 724 485
  383 2  66  975  13 568 505
  384 2  66  976 -11 582 554
  397 2  66  977 -13 545 502
  398 2  66  977 -31 491 500
  400 2  66  978   5 588 540
  401 2  66  978 -15 529 545
  411 2  66  979  -3 604 517
  412 2  66  979 -27 528 540
  434 2  67  980  11 539 555
  440 2  67  981  -9 624 530
  441 2  67  981  13 584 547
  446 2  67  982  23 602 547
  447 2  67  982 -11 508 529
  448 2  67  982  19 591 524
  454 2  67  983  37 595 552
  460 2  67  984  21 624 532
  461 2  67  985   1 557 554
  462 2  67  986  27 536 557
  463 2  67  986  29 541 559
  464 2  67  986  -3 539 539
  469 2  67  987  -7 516 542
  470 2  67  987  -1 533 550
  471 2  67  987  31 621 545
  511 2  67  988   9 586 537
  512 2  67  988  -3 552 552
  524 2  67  989  39 646 550
  535 2  67  990 -29 451 560
  540 2  67  991  -1 513 545
  541 2  67  991  35 608 557
  542 2  67  992   5 524 565
  550 2  67  993 -11 564 562
  561 2  67  994   7 577 529
  562 2  67  994 -23 491 557
  563 2  67  994   5 571 542
  564 2  67  995 -11 517 565
  565 2  67  995  -7 528 525
  571 2  67  996  31 624 520
  572 2  67  996  25 608 540
  573 2  67  996 -13 503 565
  575 2  67  997  -9 508 527
  579 2  67  998 -25 535 535
  582 2  67  999 -21 515 565
  583 2  67 1000 -31 482 559
  584 2  67 1000  -5 559 512
  585 2  67 1000  -3 565 532
  588 2  67 1001 -13 526 550
  589 2  67 1001 -15 520 540
  594 2  67 1002  37 652 524
  629 2  68 1003  -7 531 534
  630 2  68 1003   5 565 522
  633 2  68 1004  19 591 560
  634 2  68 1004  17 586 540
  635 2  68 1004  41 652 550
  636 2  68 1005  -5 516 525
  644 2  68 1006  23 562 517
  645 2  68 1006  15 541 510
  646 2  68 1006  15 541 539
  647 2  68 1006  27 665 530
  655 2  68 1007  65 653 530
  652 2  68 1008  -3 482 540
  653 2  68 1008   5 581 525
  654 2  68 1008   5 581 477
  677 2  68 1009  45 667 515
  678 2  68 1010  -5 597 507
  679 2  68 1011  15 547 527
  680 2  68 1011  23 568 530
  684 2  68 1012  43 613 560
  688 2  68 1013  33 683 487
  738 2  68 1014  35 599 545
  739 2  68 1014  17 552 532
  758 2  68 1015   1 560 537
  759 2  68 1015  -5 543 527
  760 2  68 1015 -19 433 514
  761 2  68 1015   1 483 547
  762 2  68 1015   3 566 552
  764 2  68 1016  15 512 510
  784 2  68 1017   7 623 515
  791 2  68 1018  37 592 542
  792 2  68 1019  -1 492 552
  797 2  68 1020  45 588 527
  798 2  68 1020  39 574 522
  799 2  68 1020  -1 551 510
  800 2  68 1020  15 597 520
  803 2  68 1021   7 571 519
  820 2  68 1022  -9 500 517
  823 2  68 1023  23 580 555
  828 2  68 1024  11 531 549
  829 2  68 1024  37 598 507
  843 2  68 1025   7 500 529
  849 2  68 1026  19 569 542
  850 2  68 1026  21 574 505
  851 2  68 1026  13 553 532
  852 2  68 1026  19 569 495
  856 2  68 1027  39 597 500
  857 2  68 1028  19 660 524
  858 2  68 1028  15 533 534
  863 2  68 1029  35 569 539
  864 2  68 1029  41 584 537
  865 2  68 1030   9 596 522
  866 2  68 1030  27 539 514
  875 2  69 1031  45 656 512
  876 2  69 1031  53 678 529
  877 2  69 1031  25 601 515
  878 2  69 1031  17 579 519
  879 2  69 1031  35 628 520
  880 2  69 1031  41 645 532
  881 2  69 1031  23 596 534
  882 1  69 1031  45 656 545
  883 2  69 1032   9 551 517
  884 2  69 1033 -13 489 540
  889 2  69 1034  21 565 510
  890 2  69 1034  31 592 527
  891 2  69 1034  33 597 515
  893 2  69 1035 -15 536 550
  910 2  69 1036  -1 542 552
  911 2  69 1036   5 559 537
  912 2  69 1037  15 574 542
  913 2  69 1037  15 574 535
  914 2  69 1038  -3 513 542
  920 2  69 1039  -1 516 555
  915 2  69 1040  -1 516 542
  916 2  69 1040  19 569 515
  917 2  69 1040  19 569 520
  918 2  69 1041  31 601 552
  919 2  69 1041 -13 484 530
  921 2  69 1042 -19 463 552
  922 2  69 1043  -7 550 537
  923 2  69 1044 -17 517 557
  927 2  69 1045  -3 549 529
  928 2  69 1045   5 571 542
  929 2  69 1046 -35 455 537
  930 2  69 1046 -11 523 532
  931 2  69 1046  -3 545 540
  932 2  69 1046 -25 483 530
  953 2  69 1047 -11 503 549
  954 2  69 1047  -7 606 520
  960 2  69 1048 -35 497 557
  977 2  69 1049   7 598 529
  978 2  69 1049  11 609 502
  990 2  69 1050  11 589 505
  994 2  69 1051 -11 517 552
 1022 2  69 1052  -3 582 515
 1058 2  69 1053   7 540 537
 1063 2  69 1054   9 528 555
 1064 2  69 1054  -7 487 530
 1065 2  69 1054   7 523 542
 1066 2  69 1055   9 513 540
 1067 2  69 1056  19 535 524
 1082 2  69 1057 -13 489 529
 1083 2  69 1057   3 532 542
 1084 2  69 1057  25 591 520
 1085 2  69 1057   9 548 535
 1086 2  69 1057  -1 522 542
 1087 2  69 1058  31 601 502
 1088 2  69 1058  -5 505 545
 1089 2  69 1058   5 532 539
 1090 2  69 1058  15 559 532
 1091 2  69 1059  -1 505 552
 1092 2  69 1059  35 599 527
 1093 2  69 1059  25 573 542
 1096 2  69 1060  39 594 517
 1097 2  69 1060  -9 544 530
 1100 2  69 1061   1 566 530
 1101 2  69 1061  13 523 509
 1105 2  69 1062  -3 539 545
 1108 2  69 1063   9 567 535
 1112 2  69 1064  19 572 519
 1113 2  69 1064   7 540 515
 1114 2  69 1065   1 521 560
 1115 2  69 1065   3 656 540
 1135 2  70 1066  31 562 507
 1136 2  70 1066   3 604 527
 1137 2  70 1066 -17 543 514
 1138 2  70 1066  31 562 507
 1157 2  70 1067  39 636 502
 1174 2  70 1068  25 591 550
 1176 2  70 1069  45 632 520
 1177 2  70 1069  45 632 497
 1193 2  70 1070  11 579 530
 1194 2  70 1070  13 584 514
 1195 2  70 1071   7 564 510
 1196 2  70 1071   5 559 510
 1197 2  70 1071   7 564 529
 1198 2  70 1072   9 570 519
 1199 2  70 1072  -3 536 519
 1226 2  70 1073  45 603 502
 1238 2  70 1074  15 561 535
 1239 2  70 1074 -17 546 514
 1240 2  70 1075  33 606 544
 1245 2  70 1076  35 608 507
 1246 2  70 1077  21 565 514
 1250 2  70 1078   9 523 527
 1251 2  70 1078 -13 532 555
 1252 2  70 1079  39 591 504
 1253 2  70 1079  -7 540 544
 1254 2  70 1080  19 532 532
 1255 2  70 1080  15 522 537
 1256 2  70 1081  -7 528 547
 1257 2  70 1081  13 515 540
 1258 2  70 1081  11 510 540
 1259 2  70 1082  17 582 520
 1260 2  70 1083  15 577 532
 1261 2  70 1084  27 594 519
 1263 2  70 1085  13 623 522
 1264 2  70 1085   9 507 559
 1277 2  70 1086   5 571 517
 1282 2  70 1087 -21 481 557
 1283 2  70 1087 -29 459 555
 1284 2  70 1087  -7 519 532
 1285 2  70 1087 -33 448 559
 1286 2  70 1088   5 538 542
 1287 2  70 1089  65 684 532
 1294 2  70 1090   7 518 530
 1313 2  70 1091   3 529 515
 1314 2  70 1091  39 626 535
 1315 2  70 1091  25 588 512
 1316 2  70 1092   7 537 512
 1317 2  70 1093  45 632 490
 1318 2  70 1094  -7 443 514
 1319 2  70 1095   5 521 540
 1324 2  70 1096   5 518 492
 1329 2  70 1097  45 609 509
 1336 2  70 1098  45 600 510
 1337 2  70 1099  65 647 530
 1339 2  70 1100  65 637 522
 1340 2  70 1100  41 578 502
 1341 2  70 1100  31 554 537
 1344 2  70 1101   9 486 537
 1345 2  71 1102  17 495 514
 1346 2  71 1102  21 505 537
 1357 2  71 1103  -7 516 530
 1360 2  71 1104  -1 516 519
 1361 2  71 1104  -9 495 530
 1362 2  71 1104 -11 489 505
 1363 2  71 1105  -3 511 512
 1395 2  71 1106   5 510 524
 1396 2  71 1106  45 612 504
 1397 2  71 1107  25 561 482
 1400 2  71 1108  15 530 515
 1401 2  71 1108   7 510 512
 1403 2  71 1109  -3 482 559
 1402 2  71 1110  75 678 480
 1407 2  71 1111   1 488 534
 1413 2  71 1112  27 617 545
 1419 2  71 1113 -19 463 535
 1420 2  71 1113  25 579 517
 1421 2  71 1113  31 595 535
 1425 2  71 1114  31 585 522
 1437 2  71 1115   9 526 537
 1438 2  71 1116  57 689 472
 1439 2  71 1117 -13 457 552
 1440 2  71 1117  35 578 539
 1451 2  71 1118  19 530 505
 1452 2  71 1119  15 520 535
 1453 2  71 1119  29 554 524
 1454 2  71 1120  45 615 469
 1455 2  71 1120  57 646 547
 1456 2  71 1121  35 590 539
 1457 2  71 1121   5 513 515
 1471 2  71 1122  -9 441 520
 1470 2  71 1123   5 474 532
 1472 2  71 1124  15 528 545
 1473 2  71 1124   5 472 570
 1474 2  71 1125  35 558 475
 1481 2  71 1126  45 569 489
 1482 2  71 1126  73 635 477
 1494 2  71 1127 -35 462 547
 1495 2  71 1127  45 583 490
 1496 2  71 1127 -15 520 517
 1499 2  71 1128  -3 542 530
 1500 2  71 1128 -17 503 547
 1501 2  71 1128 -21 492 532
 1502 2  71 1128 -35 452 535
 1513 2  71 1129  -3 519 510
 1514 2  71 1129  11 557 550
 1515 2  71 1129   5 541 517
 1516 2  71 1130  -9 500 530
 1517 2  71 1130  -3 516 547
 1518 2  71 1130 -11 495 542
 1519 2  71 1131   5 526 532
 1526 2  71 1132 -15 612 524
 1527 2  71 1132 -19 599 530
 1542 2  71 1133  31 638 505
 1543 2  71 1133  33 644 512
 1544 2  71 1133 -21 492 559
 1551 2  71 1134   9 567 487
 1552 2  71 1134  15 583 505
 1586 2  72 1135 -11 538 514
 1591 2  72 1136  43 692 477
 1592 2  72 1136  37 674 485
 1590 2  72 1137  11 599 529
 1593 2  72 1138  25 615 490
 1594 2  72 1138  39 654 469
 1596 2  72 1139  -5 511 522
 1595 2  72 1140  23 586 495
 1603 2  72 1141   9 545 505
 1607 2  72 1142   5 602 490
 1608 2  72 1143 -15 542 520
 1621 2  72 1144  -1 539 492
 1639 2  72 1145  25 595 505
 1640 2  72 1145  31 611 515
 1641 2  72 1145  15 568 485
 1642 2  72 1145 -25 545 514
 1655 2  72 1146  21 624 545
 1664 2  72 1147   5 538 522
 1665 2  72 1147  45 645 505
 1670 2  72 1148  41 611 515
 1711 2  72 1149  -3 536 547
 1725 2  72 1150  37 620 519
 1731 2  72 1151  -1 516 495
 1732 2  72 1151   1 521 550
 1733 2  72 1152   5 521 527
 1734 2  72 1153  31 585 550
 1735 2  72 1154  23 562 515
 1736 2  72 1154   7 521 540
 1740 2  72 1155  21 527 487
 1745 2  72 1156  41 567 539
 1768 2  73 1157  19 591 555
 1769 2  73 1157 -11 508 562
 1783 2  73 1158  19 569 552
 1784 2  73 1158   9 543 539
 1785 2  73 1158  19 569 545
 1786 2  73 1158  37 617 527
 1787 2  73 1158  21 574 545
 1788 2  73 1159  29 580 537
 1789 2  73 1160  45 619 514
 1790 2  73 1161  27 569 519
 1791 2  73 1161  45 615 552
    1 2  74 1162 -29 675 510
    2 2  74 1163 -31 599 512
    3 2  74 1163 -35 584 544
   26 2  74 1164 -13 664 525
   27 2  74 1164 -11 672 520
   28 2  74 1164  -5 693 510
   29 2  74 1164 -23 628 534
   45 2  74 1165 -13 599 522
   46 2  74 1165 -29 546 557
   47 1  74 1165 -11 605 572
   49 2  74 1166  -7 610 507
   50 1  74 1166   1 636 534
   66 2  74 1167   1 605 497
   67 2  74 1167  -5 586 539
  136 2  74 1168 -13 583 555
  137 1  74 1168   9 654 537
  141 2  74 1169 -13 542 545
  142 2  74 1169   5 595 537
  143 2  74 1169   9 607 517
  168 2  74 1170 -27 609 522
  169 2  74 1171 -31 590 529
  185 2  74 1172  11 705 510
  198 2  74 1173 -21 576 514
  199 2  74 1173 -25 563 507
  200 2  74 1173 -13 603 542
  232 2  75 1174  -3 593 555
  233 2  75 1174  17 654 500
  239 2  75 1175  -1 588 522
  240 2  75 1175   9 618 507
  241 2  75 1175  -1 588 514
  242 2  75 1175 -13 552 557
  247 2  75 1176  -9 660 530
  248 2  75 1176 -15 533 525
  253 2  75 1177   1 632 505
  254 2  75 1177  27 716 497
  255 2  75 1177  -5 613 537
  256 2  75 1177  -9 600 535
  257 2  75 1177   9 658 537
  375 2  75 1178  19 622 515
  376 2  75 1178  35 669 495
  393 2  75 1179 -25 654 530
  394 2  75 1179 -33 563 545
  395 2  75 1179 -27 646 509
  404 2  75 1180 -29 542 530
  405 2  75 1180 -35 576 515
  435 2  76 1181 -21 551 534
  436 2  76 1181 -13 576 535
  437 1  76 1181   5 633 555
  438 1  76 1181   9 646 559
  442 2  76 1182  19 633 502
  443 2  76 1182  21 639 532
  482 2  76 1183  -3 636 512
  483 2  76 1183 -29 550 542
  490 2  76 1184  21 671 512
  501 2  76 1185   3 596 522
  502 2  76 1185  11 620 524
  503 2  76 1185  15 633 467
  566 2  76 1186 -31 603 505
  567 2  76 1186 -11 561 532
  568 2  76 1186 -31 603 527
  569 2  76 1186  -5 579 527
  648 2  77 1187  -7 686 485
  649 2  77 1187 -31 599 527
  650 2  77 1187 -25 620 512
  651 2  77 1187 -23 628 522
  685 2  77 1188   9 634 489
  686 2  77 1188 -25 654 514
  687 2  77 1188 -29 638 480
  700 2  77 1189 -35 588 534
  701 2  77 1189 -15 662 529
  707 2  77 1190  -3 686 527
  708 2  77 1190  11 736 509
  709 2  77 1190 -13 650 537
  757 2  77 1191 -35 580 529
  773 2  77 1192 -11 634 505
  774 2  77 1192 -25 586 535
  775 2  77 1192 -11 634 535
  776 2  77 1192 -17 614 547
  777 2  77 1192  -9 641 519
  769 2  77 1193 -27 579 530
  770 2  77 1193 -31 566 519
  771 2  77 1193 -13 628 490
  772 2  77 1193 -35 552 512
  788 2  77 1194  15 669 515
  789 2  77 1194  -3 611 520
  790 2  77 1194   3 631 522
  821 2  77 1195 -27 613 502
  822 2  77 1196 -23 628 517
  885 2  78 1197  -1 626 512
  886 2  78 1197  17 684 517
  887 2  78 1197   3 639 537
  888 1  78 1197  11 665 534
  924 2  78 1198  -7 676 537
  925 2  78 1198  -9 669 514
  926 2  78 1198  -7 676 527
  955 2  78 1199  15 691 529
  956 2  78 1199  -7 618 522
  957 2  78 1199  13 684 530
  961 1  78 1200  19 686 554
  962 1  78 1200  27 712 525
  963 2  78 1201  -9 581 539
  964 2  78 1201 -15 563 540
  965 2  78 1202 -23 537 530
  966 2  78 1202  -1 606 495
  967 2  78 1202  -9 581 529
  968 2  78 1202  -5 594 515
  969 2  78 1202 -13 569 530
  991 2  78 1203 -13 641 535
  992 2  78 1203 -21 613 505
  993 2  78 1203 -15 634 495
 1010 2  78 1204 -21 576 550
 1011 2  78 1204  19 709 530
 1012 2  78 1204  -1 642 545
 1013 2  78 1204 -13 603 560
 1014 2  78 1204 -29 550 522
 1018 2  78 1205 -17 567 517
 1019 2  78 1205 -35 615 517
 1020 2  78 1205 -33 623 510
 1021 2  78 1205  -9 592 512
 1032 2  78 1206 -17 645 505
 1033 2  78 1206  -7 570 505
 1034 2  78 1206 -23 623 507
 1052 2  78 1207 -23 566 542
 1053 2  78 1207  -7 618 530
 1054 2  78 1207   1 645 507
 1104 2  78 1208 -35 602 485
 1106 2  78 1209 -25 630 510
 1107 2  78 1209 -31 607 502
 1151 2  79 1210   7 701 522
 1178 2  79 1211 -15 566 524
 1179 2  79 1211  19 673 504
 1180 1  79 1211  25 692 532
 1181 1  79 1211 -23 647 510
 1187 2  79 1212 -17 645 520
 1188 2  79 1212 -13 659 519
 1189 2  79 1213  -7 676 502
 1190 2  79 1213 -15 647 532
 1202 2  79 1214 -33 681 517
 1203 2  79 1214 -35 672 480
 1237 2  79 1215  -3 555 552
 1234 2  79 1216  -1 561 495
 1235 1  79 1216  25 759 500
 1236 1  79 1216 -19 607 522
 1266 2  79 1217 -19 652 525
 1267 2  79 1217 -33 600 522
 1278 2  79 1218 -33 570 502
 1279 2  79 1218  -3 676 522
 1280 2  79 1218 -15 634 509
 1281 2  79 1218   5 704 510
 1288 2  79 1219 -25 541 555
 1289 2  79 1219   1 624 550
 1290 2  79 1219 -25 541 522
 1291 2  79 1219 -23 548 525
 1441 2  80 1220   1 587 512
 1442 2  80 1220  31 677 452
 1443 2  80 1220   7 605 515
 1477 2  80 1221 -33 659 540
 1478 2  80 1221 -29 568 524
 1479 2  80 1221 -15 616 522
 1480 2  80 1221 -23 589 502
 1491 2  80 1222  -5 597 525
 1492 1  80 1222 -15 566 535
 1493 1  80 1222 -27 528 565
 1536 2  80 1223 -23 637 515
 1587 2  81 1224 -35 580 502
 1588 2  81 1224 -25 616 487
 1589 2  81 1224 -35 580 522
 1604 2  81 1225 -17 574 540
 1605 2  81 1225 -25 548 532
 1606 2  81 1225 -27 542 525
 1622 2  81 1226  27 634 505
 1792 2  82 1227 -33 494 540
 1793 1  82 1227 -15 662 522
 1794 1  82 1227 -13 669 537
 1795 1  82 1227 -31 603 544
 1796 1  82 1227 -23 632 512
 1890 2  82 1228 -35 482 514
 1891 2  82 1228 -13 545 535
 1898 2  82 1229 -19 607 525
 1899 2  82 1229 -29 568 542
 1900 2  82 1229 -27 575 545
 1901 2  82 1229 -11 634 499
 1935 2  83 1230 -21 521 520
 1944 2  83 1231 -35 611 527
 1967 2  83 1232 -15 616 467
 1987 2  83 1233   3 572 525
 1997 2  83 1234 -23 544 530
 1998 2  83 1234 -25 538 510
 2004 2  83 1235  -7 580 520
 2005 1  83 1235  -5 586 552
 2006 1  83 1235 -21 537 534
 2007 1  83 1236  13 642 520
 2013 2  83 1237  13 627 515
 2042 2  83 1238 -11 594 520
 2043 2  83 1239  -7 595 502
 2044 2  83 1239  17 671 510
 2045 2  83 1240 -25 531 505
 2046 2  83 1240  -1 606 527
 2047 2  83 1240 -23 537 509
 2048 2  83 1240 -31 512 532
 2086 2  84 1241 -31 536 522
 2087 2  84 1241 -11 601 512
 2097 2  84 1242 -21 537 547
 2098 2  84 1242   5 617 505
 2133 1  84 1243 -11 634 517
 2134 1  84 1243 -25 586 542
 2140 2  84 1244 -13 607 532
 2141 2  84 1244 -13 607 522
 2142 2  84 1244   7 673 540
 2143 1  84 1244   7 673 540
 2144 1  84 1244  -5 633 557
 2145 1  84 1244   3 660 540
 2135 2  84 1245  -3 640 530
 2136 2  84 1245 -25 567 525
 2137 1  84 1245  17 707 512
 2138 1  84 1245  17 707 522
 2139 1  84 1245  -9 620 519
 2146 2  84 1246 -27 656 504
 2147 2  84 1246 -35 625 502
 2205 2  85 1247  39 736 474
 2206 2  85 1247  15 660 475
 2207 2  85 1247 -15 566 499
 2248 2  85 1248 -29 565 500
 2249 1  85 1248 -15 612 525
 2250 2  85 1248 -29 565 510
 2251 2  85 1248 -25 578 512
 2252 2  85 1248  -5 646 512
 2253 2  85 1249  -9 620 485
 2257 2  85 1250 -11 605 530
 2258 2  85 1250 -25 559 499
 2265 2  85 1251 -35 523 537
 2266 1  85 1251  -3 627 520
 2267 1  85 1251 -23 562 520
 2272 2  85 1252   5 633 467
 2273 2  85 1252   9 646 512
 2330 2  86 1253 -13 520 494
 2331 2  86 1253 -31 558 509
 2351 2  86 1254  -7 584 500
 2352 2  86 1254 -29 516 527
 2353 2  86 1255 -11 561 512
 2354 2  86 1255  -3 585 482
 2355 2  86 1256  19 648 500
 2409 2  86 1257 -27 553 507
 2410 2  86 1257 -29 546 515
 2411 2  86 1257 -17 586 495
 2416 2  86 1258   5 602 529
 2417 2  86 1258  -7 566 492
 2418 2  86 1259  -7 543 492
 2419 2  86 1259 -15 520 510
 2423 2  86 1260 -23 475 514
 2424 2  86 1260   1 541 472
 2425 2  86 1260  -7 519 484
 2454 1  87 1261  57 716 525
 2455 1  87 1262  -5 540 535
 2456 2  87 1263  23 609 494
 2457 2  87 1263   7 564 520
 2458 2  87 1263  15 587 485
 2459 2  87 1263  27 620 512
 2466 2  87 1264  65 670 525
 2514 2  87 1265  -7 587 525
 2522 2  87 1266  27 627 499
 2523 2  87 1266  17 599 494
 2524 2  87 1266  31 638 490
 2525 2  87 1266  -1 548 502
 2526 2  87 1267  -7 528 524
 2527 2  87 1267   1 551 520
 2536 2  87 1268  -9 581 534
 2537 2  87 1268   5 625 512
 2538 2  87 1268 -11 575 515
 2539 2  87 1268   7 631 512
 2540 2  87 1268 -21 544 515
 2541 2  87 1268 -29 519 510
 2572 2  88 1269 -29 557 550
 2598 2  88 1270 -21 626 480
 2599 2  88 1270 -23 619 515
 2600 2  88 1270 -29 597 504
 2614 2  88 1271 -17 589 502
 2615 2  88 1271 -35 530 519
 2616 2  88 1271 -35 530 505
 2617 2  88 1271  -9 616 512
 2618 2  88 1272 -17 586 495
 2619 2  88 1273 -21 600 507
 2620 2  88 1274 -29 561 517
 2621 2  88 1274 -23 581 505
 2622 2  88 1275 -21 580 517
 2623 2  88 1275 -11 613 482
 2647 2  89 1276  43 665 482
 2648 2  89 1276  19 598 525
 2649 2  89 1276  29 626 500
 2681 2  89 1277 -23 566 480
 2682 2  89 1278   3 619 525
 2683 2  89 1278  23 681 499
 2690 2  89 1279 -13 542 514
 2691 1  89 1280 -29 485 520
 2692 2  89 1280  -3 561 544
 2693 2  89 1280   5 585 507
 2694 2  89 1281  -3 561 480
 2695 2  89 1281 -21 509 490
 2696 2  89 1282   9 576 462
 2703 1  89 1283   1 573 512
 2704 1  89 1283 -11 538 522
 2763 2  90 1284  13 545 490
 2764 2  90 1284 -21 530 497
 2765 2  90 1284  25 576 485
 2766 2  90 1284 -25 518 480
 2767 2  90 1284 -29 506 532
 2768 2  90 1284  17 555 499
 2771 2  90 1285  23 602 477
 2772 2  90 1285 -19 486 497
 2773 2  90 1285   7 558 504
 2774 2  90 1285  23 602 520
 2868 2  91 1286 -29 491 550
 2869 2  91 1286 -15 533 499
 2870 2  91 1286 -19 521 512
 2871 2  91 1286 -27 497 529
 2872 1  91 1286   3 586 545
 2873 1  91 1286 -25 503 552
 2874 1  91 1286  25 651 537
 2875 1  91 1286  25 651 545
 3070 2  92 1287 -27 571 479
 3071 2  92 1287 -35 544 469
 3072 2  92 1287 -35 544 502
 3073 2  92 1288 -13 607 484
 3074 2  92 1288 -29 553 520
 3075 2  92 1288 -19 587 510
 3076 2  92 1288 -25 567 475
 3077 2  92 1288 -11 613 490
 3090 2  92 1289 -33 555 520
 3091 2  92 1289 -25 582 482
 3092 2  92 1289 -11 630 467
 3093 2  92 1290 -15 612 497
 3094 2  92 1290 -29 565 495
 3098 2  92 1291 -33 516 520
 3099 2  92 1291   7 643 507
 3100 2  92 1291  -3 611 512
 3101 2  92 1291  -5 605 509
 3102 2  92 1292  17 671 495
 3103 2  92 1292  19 677 472
 3104 2  92 1293   3 611 474
 3110 2  92 1294 -25 521 510
 3111 2  92 1294  -3 589 500
 3112 2  92 1294 -27 515 507
 3113 2  92 1294 -21 534 475
 3114 2  92 1294 -25 521 505
 3115 2  92 1295  19 656 477
 3116 2  92 1295  25 675 480
 3117 2  92 1295  17 650 495
 3105 2  92 1296  27 681 492
 3106 2  92 1296  31 693 470
 3107 2  92 1296   5 613 450
 3108 2  92 1296   5 613 477
 3109 2  92 1296   5 613 487
 3118 2  92 1297   5 606 509
 3119 2  92 1297 -19 533 534
 3120 2  92 1297 -15 545 527
 3121 2  92 1297 -15 545 505
 3122 2  92 1297 -15 545 512
 3126 2  92 1298  -9 557 522
 3123 2  92 1299  -5 569 480
 3124 2  92 1299   3 593 504
 3125 2  92 1299  35 689 450
 3127 2  92 1300   3 586 520
 3128 2  92 1300 -15 533 482
 3129 2  92 1300   7 598 477
 3130 2  92 1300  23 645 490
 3131 2  92 1300  -5 562 457
 3132 2  92 1300  39 692 497
 3133 2  92 1300  15 621 517
 3134 2  92 1300   1 580 490
 3135 2  92 1300   3 586 480
 3136 2  92 1301  -1 567 470
 3137 2  92 1301   1 573 512
 3138 2  92 1301 -17 520 497
 3139 2  92 1301  -7 550 519
 3140 2  92 1302  11 595 465
 3141 2  92 1302  27 642 507
 3153 2  92 1303 -11 568 490
 3154 2  92 1303 -21 537 507
 3155 2  92 1303 -21 537 515
 3156 2  92 1303  -5 586 469
 3157 2  93 1304  -9 538 505
 3158 2  93 1304 -25 491 527
 3159 2  93 1304 -19 509 504
 3160 2  93 1304 -17 514 525
 3161 2  93 1304 -23 497 532
 3162 2  93 1304 -11 532 512
 3163 1  93 1304 -31 474 532
 3164 1  93 1304  -5 549 529
 3165 1  93 1304  -5 549 555
 3166 1  93 1304 -21 503 555
 3173 2  93 1305  19 569 465
 3174 2  93 1305  43 633 457
 3175 2  93 1305  39 622 470
 3176 2  93 1305   7 537 524
 3177 2  93 1305  35 612 459
 3183 2  93 1306 -21 530 485
 3184 2  93 1306 -11 561 484
 3185 2  93 1306 -19 537 447
 3186 2  93 1306 -17 543 494
 3187 2  93 1306 -15 549 497
 3192 2  93 1307   5 581 459
 3193 2  93 1307 -19 512 462
 3194 2  93 1307   5 581 475
 3195 2  93 1307  -3 558 435
 3196 2  93 1307  -7 547 499
 3199 2  93 1308  -5 540 462
 3200 2  93 1308 -29 472 485
 3201 2  93 1308  -5 540 497
 3202 2  93 1309  43 661 452
 3203 2  93 1309  31 628 472
 3204 2  93 1309  13 578 522
 3205 2  93 1309   9 567 479
 3206 2  93 1309  25 611 504
 3207 2  93 1309  17 589 452
 3208 2  93 1309  13 578 472
 3209 2  93 1309  17 589 472
 3210 2  93 1309  29 622 477
 3211 2  93 1310  29 593 515
 3212 2  93 1310  29 593 485
 3213 2  93 1310  41 624 455
 3214 2  93 1310  35 608 460
 3215 2  93 1310  45 635 459
 3216 2  93 1310  -1 513 490
 3217 2  93 1311   7 521 475
 3218 2  93 1311  23 562 430
 3219 2  93 1311   7 521 455
 3249 2  94 1312 -17 567 469
 3250 2  94 1312 -23 628 487
 3251 2  94 1312 -11 586 464
 3252 2  94 1312  -3 611 495
 3253 2  94 1312  -7 599 492
 3254 2  94 1312  -3 611 492
 3255 2  94 1313 -31 522 495
 3256 2  94 1313 -35 510 499
 3257 2  94 1313 -23 548 490
 3258 2  94 1313 -25 541 475
 3259 2  94 1314 -35 506 500
 3260 2  94 1314 -19 557 505
 3261 2  94 1314 -19 557 472
 3262 2  94 1314 -31 519 482
 3263 2  94 1315 -27 472 519
 3264 2  94 1315 -13 511 512
 3265 2  94 1315 -25 538 497
 3266 2  94 1315 -13 576 514
 3267 2  94 1315 -13 576 490
